0 0.26802884615384615 0.7596153846153846 0.06009615384615385 0.14182692307692307
0 0.546875 0.46875 0.04807692307692308 0.10096153846153846
0 0.6502403846153846 0.5264423076923077 0.055288461538461536 0.11658653846153846
0 0.7163461538461539 0.4891826923076923 0.03485576923076923 0.08413461538461539
0 0.7908653846153846 0.47115384615384615 0.06370192307692307 0.12740384615384615
0 0.41225961538461536 0.4723557692307692 0.03485576923076923 0.051682692307692304
0 0.3269230769230769 0.5060096153846154 0.04567307692307692 0.11658653846153846
0 0.3401442307692308 0.4170673076923077 0.08173076923076923 0.09375
0 0.27884615384615385 0.41947115384615385 0.040865384615384616 0.078125
0 0.2512019230769231 0.40384615384615385 0.06009615384615385 0.06370192307692307
0 0.21394230769230768 0.4543269230769231 0.08052884615384616 0.04567307692307692
0 0.16826923076923078 0.33774038461538464 0.036057692307692304 0.11778846153846154
0 0.22956730769230768 0.30649038461538464 0.036057692307692304 0.07451923076923077
0 0.27403846153846156 0.3137019230769231 0.055288461538461536 0.09254807692307693
0 0.3161057692307692 0.24519230769230768 0.057692307692307696 0.07932692307692307
0 0.35697115384615385 0.27283653846153844 0.051682692307692304 0.0673076923076923
0 0.33052884615384615 0.35216346153846156 0.042067307692307696 0.0625
0 0.40625 0.3401442307692308 0.046875 0.06610576923076923
0 0.42908653846153844 0.2668269230769231 0.056490384615384616 0.08653846153846154
0 0.47836538461538464 0.31009615384615385 0.07572115384615384 0.10096153846153846