0 0.4170673076923077 0.7740384615384616 0.18028846153846154 0.20673076923076922
0 0.6153846153846154 0.7259615384615384 0.17067307692307693 0.16826923076923078
0 0.8064903846153846 0.7752403846153846 0.19110576923076922 0.19471153846153846
0 0.7199519230769231 0.5925480769230769 0.171875 0.13942307692307693
0 0.6153846153846154 0.5432692307692307 0.11778846153846154 0.11177884615384616
0 0.47115384615384615 0.6045673076923077 0.1502403846153846 0.11538461538461539
0 0.5096153846153846 0.5264423076923077 0.10336538461538461 0.07572115384615384
0 0.7091346153846154 0.5120192307692307 0.11298076923076923 0.09014423076923077
0 0.5745192307692307 0.4807692307692308 0.09254807692307693 0.09134615384615384
0 0.6237980769230769 0.453125 0.06850961538461539 0.08173076923076923
0 0.39783653846153844 0.5360576923076923 0.11778846153846154 0.12259615384615384
0 0.2824519230769231 0.5060096153846154 0.1310096153846154 0.1201923076923077
0 0.3605769230769231 0.46875 0.06850961538461539 0.0829326923076923
0 0.4375 0.48197115384615385 0.11538461538461539 0.09495192307692307
0 0.5264423076923077 0.44350961538461536 0.07692307692307693 0.09014423076923077
0 0.4254807692307692 0.4110576923076923 0.0733173076923077 0.09615384615384616
0 0.4831730769230769 0.4050480769230769 0.06129807692307692 0.06850961538461539
0 0.44591346153846156 0.3629807692307692 0.06009615384615385 0.078125
0 0.4723557692307692 0.34375 0.052884615384615384 0.057692307692307696
0 0.5 0.31971153846153844 0.040865384615384616 0.05048076923076923