0 0.019230769230769232 0.5012019230769231 0.037259615384615384 0.109375
0 0.01201923076923077 0.2668269230769231 0.02283653846153846 0.10336538461538461
0 0.018028846153846152 0.1622596153846154 0.036057692307692304 0.03125
0 0.06971153846153846 0.23918269230769232 0.03485576923076923 0.07932692307692307
0 0.08653846153846154 0.08413461538461539 0.037259615384615384 0.04326923076923077
0 0.08173076923076923 0.18389423076923078 0.03245192307692308 0.042067307692307696
0 0.1201923076923077 0.109375 0.03245192307692308 0.04927884615384615
0 0.2956730769230769 0.10336538461538461 0.042067307692307696 0.03365384615384615
0 0.1778846153846154 0.109375 0.025240384615384616 0.051682692307692304
0 0.15865384615384615 0.09495192307692307 0.013221153846153846 0.04326923076923077
0 0.10697115384615384 0.42908653846153844 0.04927884615384615 0.10817307692307693
0 0.15745192307692307 0.44591346153846156 0.03245192307692308 0.057692307692307696
0 0.17668269230769232 0.4795673076923077 0.046875 0.06370192307692307
0 0.21153846153846154 0.5084134615384616 0.03245192307692308 0.0733173076923077
0 0.19951923076923078 0.4411057692307692 0.04326923076923077 0.06009615384615385
0 0.24278846153846154 0.5060096153846154 0.02403846153846154 0.0733173076923077
0 0.2764423076923077 0.5168269230769231 0.054086538461538464 0.05889423076923077
0 0.26322115384615385 0.5889423076923077 0.056490384615384616 0.07572115384615384
0 0.30408653846153844 0.5829326923076923 0.030048076923076924 0.055288461538461536
0 0.34375 0.59375 0.036057692307692304 0.08173076923076923
0 0.29447115384615385 0.6694711538461539 0.06370192307692307 0.10216346153846154
0 0.36778846153846156 0.7199519230769231 0.046875 0.15384615384615385
0 0.42908653846153844 0.8052884615384616 0.04927884615384615 0.11177884615384616
0 0.4423076923076923 0.7043269230769231 0.04567307692307692 0.10336538461538461
0 0.47475961538461536 0.7872596153846154 0.04326923076923077 0.06370192307692307
0 0.7668269230769231 0.8305288461538461 0.0889423076923077 0.16706730769230768
0 0.8641826923076923 0.8870192307692307 0.07572115384615384 0.13341346153846154
0 0.9447115384615384 0.9459134615384616 0.06009615384615385 0.10817307692307693
0 0.9375 0.671875 0.08653846153846154 0.1466346153846154
0 0.8605769230769231 0.6586538461538461 0.05889423076923077 0.10096153846153846
0 0.8221153846153846 0.6586538461538461 0.04447115384615385 0.07692307692307693
0 0.7776442307692307 0.6129807692307693 0.06129807692307692 0.09615384615384616
0 0.7079326923076923 0.5901442307692307 0.04807692307692308 0.0985576923076923
0 0.6394230769230769 0.5673076923076923 0.03485576923076923 0.06971153846153846
0 0.5961538461538461 0.5456730769230769 0.025240384615384616 0.054086538461538464
0 0.5552884615384616 0.609375 0.057692307692307696 0.11298076923076923
0 0.49278846153846156 0.578125 0.03125 0.052884615384615384
0 0.4735576923076923 0.5408653846153846 0.027644230769230768 0.04927884615384615
0 0.42427884615384615 0.5276442307692307 0.042067307692307696 0.06971153846153846
0 0.36778846153846156 0.41947115384615385 0.039663461538461536 0.08774038461538461
0 0.30528846153846156 0.3798076923076923 0.04807692307692308 0.09735576923076923
0 0.2692307692307692 0.3425480769230769 0.04807692307692308 0.06490384615384616
0 0.2403846153846154 0.3641826923076923 0.025240384615384616 0.05889423076923077
0 0.19591346153846154 0.34975961538461536 0.04447115384615385 0.07932692307692307
0 0.19591346153846154 0.29927884615384615 0.03245192307692308 0.06610576923076923
0 0.3485576923076923 0.31490384615384615 0.028846153846153848 0.06850961538461539
0 0.40625 0.3798076923076923 0.04567307692307692 0.07451923076923077
0 0.43509615384615385 0.47716346153846156 0.03485576923076923 0.08653846153846154
0 0.46634615384615385 0.47836538461538464 0.03125 0.06370192307692307
0 0.5228365384615384 0.5024038461538461 0.051682692307692304 0.07451923076923077
0 0.5288461538461539 0.5528846153846154 0.04447115384615385 0.07091346153846154
0 0.48197115384615385 0.4182692307692308 0.04927884615384615 0.08413461538461539
0 0.5012019230769231 0.3762019230769231 0.04447115384615385 0.05889423076923077
0 0.5396634615384616 0.4831730769230769 0.030048076923076924 0.09254807692307693
0 0.5637019230769231 0.4639423076923077 0.03485576923076923 0.08774038461538461
0 0.546875 0.4230769230769231 0.03365384615384615 0.07451923076923077
0 0.5649038461538461 0.4182692307692308 0.03245192307692308 0.06490384615384616
0 0.5949519230769231 0.4074519230769231 0.04567307692307692 0.06490384615384616
0 0.6117788461538461 0.47836538461538464 0.051682692307692304 0.08653846153846154
0 0.6478365384615384 0.5432692307692307 0.051682692307692304 0.07572115384615384
0 0.65625 0.4519230769230769 0.054086538461538464 0.07932692307692307
0 0.6983173076923077 0.4891826923076923 0.04927884615384615 0.06009615384615385
0 0.7680288461538461 0.515625 0.055288461538461536 0.08774038461538461
0 0.7596153846153846 0.4675480769230769 0.07211538461538461 0.06850961538461539
0 0.6526442307692307 0.3112980769230769 0.046875 0.06850961538461539
0 0.6995192307692307 0.3449519230769231 0.04567307692307692 0.0625
0 0.8004807692307693 0.3894230769230769 0.08653846153846154 0.10096153846153846
0 0.9435096153846154 0.4579326923076923 0.04567307692307692 0.06370192307692307