0 0.03125 0.3112980769230769 0.0625 0.16947115384615385
0 0.20192307692307693 0.296875 0.15865384615384615 0.14302884615384615
0 0.3088942307692308 0.23677884615384615 0.10336538461538461 0.08774038461538461
0 0.5348557692307693 0.2776442307692308 0.10336538461538461 0.11778846153846154
0 0.6298076923076923 0.29086538461538464 0.0985576923076923 0.09254807692307693
0 0.7331730769230769 0.2848557692307692 0.13221153846153846 0.13221153846153846
0 0.20432692307692307 0.5060096153846154 0.18389423076923078 0.12379807692307693
0 0.2932692307692308 0.5637019230769231 0.1346153846153846 0.12259615384615384
0 0.34375 0.7512019230769231 0.15865384615384615 0.16105769230769232
0 0.46033653846153844 0.6742788461538461 0.1045673076923077 0.140625
0 0.8701923076923077 0.7211538461538461 0.12740384615384615 0.15865384615384615
0 0.3894230769230769 0.45913461538461536 0.14903846153846154 0.15745192307692307
0 0.5408653846153846 0.4483173076923077 0.14903846153846154 0.14302884615384615
0 0.6057692307692307 0.3798076923076923 0.078125 0.07932692307692307
0 0.6838942307692307 0.4050480769230769 0.1310096153846154 0.11899038461538461
0 0.6598557692307693 0.5072115384615384 0.11177884615384616 0.11899038461538461
0 0.7463942307692307 0.4807692307692308 0.109375 0.10817307692307693
0 0.8581730769230769 0.45072115384615385 0.11899038461538461 0.12139423076923077