0 0.14783653846153846 0.4675480769230769 0.08653846153846154 0.12379807692307693
0 0.1346153846153846 0.6057692307692307 0.09254807692307693 0.09615384615384616
0 0.22235576923076922 0.6730769230769231 0.08653846153846154 0.140625
0 0.3173076923076923 0.49158653846153844 0.08533653846153846 0.1310096153846154
0 0.33413461538461536 0.36899038461538464 0.06850961538461539 0.0985576923076923
0 0.3629807692307692 0.22355769230769232 0.07091346153846154 0.109375
0 0.5432692307692307 0.11538461538461539 0.04927884615384615 0.09014423076923077
0 0.5504807692307693 0.18269230769230768 0.09134615384615384 0.09254807692307693
0 0.4254807692307692 0.5144230769230769 0.11177884615384616 0.16826923076923078
0 0.5793269230769231 0.4182692307692308 0.07692307692307693 0.13221153846153846
0 0.6658653846153846 0.4411057692307692 0.0625 0.12620192307692307
0 0.7247596153846154 0.45913461538461536 0.07932692307692307 0.14302884615384615
0 0.8064903846153846 0.3713942307692308 0.06009615384615385 0.14783653846153846
0 0.5084134615384616 0.7199519230769231 0.0733173076923077 0.0985576923076923
0 0.5709134615384616 0.6526442307692307 0.09975961538461539 0.1201923076923077
0 0.5360576923076923 0.5973557692307693 0.04567307692307692 0.06971153846153846
0 0.5745192307692307 0.8088942307692307 0.09014423076923077 0.16706730769230768
0 0.765625 0.7572115384615384 0.12379807692307693 0.109375
0 0.7451923076923077 0.8978365384615384 0.09975961538461539 0.11538461538461539