0 0.171875 0.8822115384615384 0.03125 0.04807692307692308
0 0.18990384615384615 0.8689903846153846 0.02403846153846154 0.03365384615384615
0 0.2860576923076923 0.8245192307692307 0.046875 0.03125
0 0.2932692307692308 0.7800480769230769 0.02403846153846154 0.039663461538461536
0 0.31490384615384615 0.7932692307692307 0.03485576923076923 0.03245192307692308
0 0.3605769230769231 0.7908653846153846 0.010817307692307692 0.03365384615384615
0 0.375 0.7896634615384616 0.016826923076923076 0.038461538461538464
0 0.39302884615384615 0.8305288461538461 0.019230769230769232 0.027644230769230768
0 0.4362980769230769 0.9206730769230769 0.039663461538461536 0.042067307692307696
0 0.41346153846153844 0.8088942307692307 0.027644230769230768 0.03365384615384615
0 0.5024038461538461 0.8076923076923077 0.02403846153846154 0.04326923076923077
0 0.5625 0.8605769230769231 0.037259615384615384 0.05048076923076923
0 0.6129807692307693 0.8605769230769231 0.036057692307692304 0.04807692307692308
0 0.6165865384615384 0.8028846153846154 0.03485576923076923 0.04567307692307692
0 0.9819711538461539 0.7235576923076923 0.036057692307692304 0.06610576923076923
0 0.9879807692307693 0.5036057692307693 0.02283653846153846 0.078125
0 0.8798076923076923 0.5649038461538461 0.037259615384615384 0.04567307692307692
0 0.9290865384615384 0.4879807692307692 0.030048076923076924 0.04447115384615385
0 0.859375 0.5168269230769231 0.054086538461538464 0.037259615384615384
0 0.8413461538461539 0.41346153846153844 0.03245192307692308 0.04447115384615385
0 0.8918269230769231 0.4519230769230769 0.042067307692307696 0.026442307692307692
0 0.8810096153846154 0.41346153846153844 0.03365384615384615 0.05048076923076923
0 0.9278846153846154 0.4170673076923077 0.02283653846153846 0.06129807692307692
0 0.24278846153846154 0.6322115384615384 0.039663461538461536 0.037259615384615384
0 0.04567307692307692 0.5877403846153846 0.042067307692307696 0.03365384615384615
0 0.040865384615384616 0.46033653846153844 0.027644230769230768 0.05048076923076923
0 0.051682692307692304 0.4951923076923077 0.042067307692307696 0.055288461538461536
0 0.06009615384615385 0.5516826923076923 0.036057692307692304 0.03245192307692308
0 0.08774038461538461 0.5420673076923077 0.03245192307692308 0.042067307692307696
0 0.09375 0.49278846153846156 0.02403846153846154 0.03245192307692308
0 0.13221153846153846 0.5144230769230769 0.057692307692307696 0.03125
0 0.13221153846153846 0.5 0.038461538461538464 0.03365384615384615
0 0.15865384615384615 0.4795673076923077 0.025240384615384616 0.038461538461538464
0 0.171875 0.5120192307692307 0.038461538461538464 0.038461538461538464
0 0.16706730769230768 0.5288461538461539 0.038461538461538464 0.055288461538461536
0 0.20192307692307693 0.5072115384615384 0.020432692307692308 0.04447115384615385
0 0.22235576923076922 0.5144230769230769 0.02283653846153846 0.04567307692307692
0 0.1935096153846154 0.39783653846153844 0.027644230769230768 0.04447115384615385
0 0.18990384615384615 0.27283653846153844 0.030048076923076924 0.0625
0 0.203125 0.35096153846153844 0.025240384615384616 0.052884615384615384
0 0.2283653846153846 0.3629807692307692 0.03365384615384615 0.04326923076923077
0 0.3713942307692308 0.16826923076923078 0.03485576923076923 0.04326923076923077
0 0.4182692307692308 0.15745192307692307 0.037259615384615384 0.042067307692307696
0 0.4230769230769231 0.054086538461538464 0.03245192307692308 0.037259615384615384
0 0.4483173076923077 0.1502403846153846 0.027644230769230768 0.07211538461538461
0 0.5709134615384616 0.020432692307692308 0.05048076923076923 0.039663461538461536
0 0.6923076923076923 0.027644230769230768 0.021634615384615384 0.055288461538461536
0 0.6754807692307693 0.2512019230769231 0.021634615384615384 0.07692307692307693
0 0.7331730769230769 0.31490384615384615 0.03485576923076923 0.06490384615384616
0 0.7487980769230769 0.28125 0.03365384615384615 0.03485576923076923
0 0.7920673076923077 0.11899038461538461 0.046875 0.07692307692307693
0 0.8533653846153846 0.14783653846153846 0.05048076923076923 0.037259615384615384
0 0.8533653846153846 0.07451923076923077 0.039663461538461536 0.05048076923076923
0 0.8954326923076923 0.13701923076923078 0.036057692307692304 0.055288461538461536
0 0.8329326923076923 0.23918269230769232 0.027644230769230768 0.04447115384615385
0 0.8161057692307693 0.18990384615384615 0.05048076923076923 0.028846153846153848
0 0.7692307692307693 0.23557692307692307 0.013221153846153846 0.04807692307692308
0 0.7788461538461539 0.2824519230769231 0.03365384615384615 0.042067307692307696