0 0.3798076923076923 0.5817307692307693 0.06490384615384616 0.052884615384615384
0 0.41586538461538464 0.5480769230769231 0.052884615384615384 0.051682692307692304
0 0.4699519230769231 0.5384615384615384 0.06370192307692307 0.039663461538461536
0 0.43509615384615385 0.609375 0.040865384615384616 0.04447115384615385
0 0.42788461538461536 0.5817307692307693 0.04447115384615385 0.028846153846153848
0 0.46634615384615385 0.5877403846153846 0.037259615384615384 0.039663461538461536
0 0.46875 0.6502403846153846 0.04927884615384615 0.06129807692307692
0 0.5384615384615384 0.6009615384615384 0.051682692307692304 0.05889423076923077
0 0.5961538461538461 0.5817307692307693 0.0673076923076923 0.06370192307692307
0 0.5829326923076923 0.6274038461538461 0.04927884615384615 0.06370192307692307
0 0.7331730769230769 0.8389423076923077 0.08413461538461539 0.09975961538461539