0 0.21634615384615385 0.4639423076923077 0.04807692307692308 0.06971153846153846
0 0.23918269230769232 0.47115384615384615 0.039663461538461536 0.04447115384615385
0 0.3161057692307692 0.32572115384615385 0.06850961538461539 0.07451923076923077
0 0.5084134615384616 0.47475961538461536 0.039663461538461536 0.055288461538461536
0 0.5432692307692307 0.4675480769230769 0.03485576923076923 0.04447115384615385
0 0.578125 0.4074519230769231 0.08052884615384616 0.06009615384615385
0 0.6262019230769231 0.4338942307692308 0.038461538461538464 0.030048076923076924
0 0.6514423076923077 0.41947115384615385 0.040865384615384616 0.03485576923076923
0 0.6610576923076923 0.44471153846153844 0.042067307692307696 0.042067307692307696
0 0.796875 0.5168269230769231 0.055288461538461536 0.054086538461538464
0 0.8016826923076923 0.5637019230769231 0.019230769230769232 0.046875
0 0.8449519230769231 0.5661057692307693 0.0625 0.08533653846153846
0 0.8221153846153846 0.44350961538461536 0.04447115384615385 0.0625
0 0.7848557692307693 0.41225961538461536 0.046875 0.06009615384615385