0 0.20432692307692307 0.3389423076923077 0.07932692307692307 0.11899038461538461
0 0.41947115384615385 0.34615384615384615 0.11899038461538461 0.1658653846153846
0 0.5913461538461539 0.4987980769230769 0.11778846153846154 0.21875
0 0.9098557692307693 0.7692307692307693 0.10697115384615384 0.22235576923076922
0 0.8100961538461539 0.6826923076923077 0.1141826923076923 0.23197115384615385
0 0.7512019230769231 0.5901442307692307 0.1201923076923077 0.2283653846153846
0 0.1814903846153846 0.24879807692307693 0.10096153846153846 0.16105769230769232
0 0.25961538461538464 0.24158653846153846 0.055288461538461536 0.09975961538461539
0 0.3401442307692308 0.18389423076923078 0.07692307692307693 0.11899038461538461
0 0.4206730769230769 0.20673076923076922 0.07572115384615384 0.0673076923076923
0 0.5072115384615384 0.17427884615384615 0.08653846153846154 0.09254807692307693
0 0.054086538461538464 0.1502403846153846 0.07451923076923077 0.1045673076923077