0 0.10817307692307693 0.3473557692307692 0.036057692307692304 0.046875
0 0.24158653846153846 0.29086538461538464 0.030048076923076924 0.054086538461538464
0 0.41225961538461536 0.35216346153846156 0.019230769230769232 0.04927884615384615
0 0.43028846153846156 0.33774038461538464 0.030048076923076924 0.028846153846153848
0 0.4723557692307692 0.19591346153846154 0.030048076923076924 0.040865384615384616
0 0.6430288461538461 0.028846153846153848 0.030048076923076924 0.040865384615384616
0 0.6911057692307693 0.18028846153846154 0.02403846153846154 0.03125
0 0.6598557692307693 0.20552884615384615 0.027644230769230768 0.037259615384615384
0 0.5396634615384616 0.3269230769230769 0.025240384615384616 0.039663461538461536
0 0.5180288461538461 0.34615384615384615 0.020432692307692308 0.027644230769230768
0 0.4675480769230769 0.39903846153846156 0.025240384615384616 0.039663461538461536
0 0.41225961538461536 0.43149038461538464 0.036057692307692304 0.04567307692307692
0 0.5048076923076923 0.39783653846153844 0.015625 0.02283653846153846
0 0.515625 0.3713942307692308 0.03485576923076923 0.03245192307692308
0 0.5564903846153846 0.38100961538461536 0.038461538461538464 0.037259615384615384
0 0.5132211538461539 0.42427884615384615 0.025240384615384616 0.030048076923076924
0 0.6754807692307693 0.38221153846153844 0.05889423076923077 0.04567307692307692
0 0.5769230769230769 0.46274038461538464 0.030048076923076924 0.04567307692307692
0 0.5564903846153846 0.49399038461538464 0.03245192307692308 0.038461538461538464
0 0.7079326923076923 0.5192307692307693 0.06129807692307692 0.05889423076923077
0 0.6478365384615384 0.6850961538461539 0.056490384615384616 0.04567307692307692
0 0.6201923076923077 0.796875 0.03365384615384615 0.04927884615384615
0 0.7415865384615384 0.6009615384615384 0.02283653846153846 0.039663461538461536
0 0.9302884615384616 0.6358173076923077 0.04326923076923077 0.046875
0 0.9807692307692307 0.7752403846153846 0.026442307692307692 0.056490384615384616
0 0.8112980769230769 0.7247596153846154 0.036057692307692304 0.051682692307692304
0 0.7716346153846154 0.6550480769230769 0.06009615384615385 0.046875
0 0.8173076923076923 0.671875 0.026442307692307692 0.025240384615384616
0 0.8173076923076923 0.6526442307692307 0.014423076923076924 0.03485576923076923