0 0.2668269230769231 0.7475961538461539 0.11658653846153846 0.09134615384615384
0 0.1778846153846154 0.5348557692307693 0.06610576923076923 0.07692307692307693
0 0.051682692307692304 0.4963942307692308 0.07572115384615384 0.04927884615384615
0 0.10216346153846154 0.4375 0.09375 0.046875
0 0.4050480769230769 0.5036057692307693 0.06490384615384616 0.06009615384615385
0 0.41225961538461536 0.41947115384615385 0.06610576923076923 0.05889423076923077
0 0.5709134615384616 0.6045673076923077 0.0889423076923077 0.09735576923076923
0 0.7067307692307693 0.4326923076923077 0.04447115384615385 0.05889423076923077
0 0.7620192307692307 0.45913461538461536 0.06490384615384616 0.052884615384615384
0 0.7896634615384616 0.5012019230769231 0.04807692307692308 0.055288461538461536
0 0.8461538461538461 0.4735576923076923 0.04447115384615385 0.06009615384615385
0 0.9122596153846154 0.47716346153846156 0.037259615384615384 0.07451923076923077
0 0.84375 0.421875 0.054086538461538464 0.04927884615384615
0 0.828125 0.3786057692307692 0.04447115384615385 0.052884615384615384