0 0.1466346153846154 0.4266826923076923 0.09134615384615384 0.1201923076923077
0 0.15144230769230768 0.546875 0.09495192307692307 0.08052884615384616
0 0.21153846153846154 0.6153846153846154 0.1310096153846154 0.12860576923076922
0 0.24879807692307693 0.5276442307692307 0.03245192307692308 0.07211538461538461
0 0.3245192307692308 0.4375 0.09615384615384616 0.11778846153846154
0 0.3389423076923077 0.3389423076923077 0.07692307692307693 0.08413461538461539
0 0.38221153846153844 0.2091346153846154 0.0829326923076923 0.10336538461538461
0 0.5480769230769231 0.1622596153846154 0.05889423076923077 0.09375
0 0.5384615384615384 0.10576923076923077 0.057692307692307696 0.11538461538461539
0 0.4254807692307692 0.4723557692307692 0.1045673076923077 0.1466346153846154
0 0.5805288461538461 0.38100961538461536 0.08052884615384616 0.1346153846153846
0 0.65625 0.4170673076923077 0.07572115384615384 0.11899038461538461
0 0.7283653846153846 0.4170673076923077 0.06370192307692307 0.12259615384615384
0 0.8112980769230769 0.3329326923076923 0.05889423076923077 0.12139423076923077
0 0.5384615384615384 0.5504807692307693 0.06610576923076923 0.0673076923076923
0 0.5853365384615384 0.5745192307692307 0.10216346153846154 0.08052884615384616
0 0.5 0.6370192307692307 0.0829326923076923 0.07692307692307693
0 0.578125 0.7271634615384616 0.10576923076923077 0.15264423076923078
0 0.7463942307692307 0.6923076923076923 0.1310096153846154 0.11899038461538461
0 0.7355769230769231 0.7980769230769231 0.0985576923076923 0.12379807692307693
0 0.78125 0.8329326923076923 0.07932692307692307 0.08774038461538461