0 0.2127403846153846 0.42908653846153844 0.0733173076923077 0.10576923076923077
0 0.5084134615384616 0.3173076923076923 0.08173076923076923 0.11778846153846154
0 0.28365384615384615 0.4026442307692308 0.07211538461538461 0.054086538461538464
0 0.2980769230769231 0.47475961538461536 0.08774038461538461 0.07451923076923077
0 0.38100961538461536 0.46634615384615385 0.04807692307692308 0.056490384615384616
0 0.4110576923076923 0.4891826923076923 0.07091346153846154 0.054086538461538464
0 0.5 0.5552884615384616 0.0733173076923077 0.1346153846153846
0 0.6634615384615384 0.4579326923076923 0.057692307692307696 0.09615384615384616
0 0.7584134615384616 0.38822115384615385 0.07211538461538461 0.07932692307692307
0 0.859375 0.36658653846153844 0.06370192307692307 0.08052884615384616
0 0.4963942307692308 0.49759615384615385 0.11658653846153846 0.08653846153846154