0 0.29086538461538464 0.7716346153846154 0.1778846153846154 0.12379807692307693
0 0.15264423076923078 0.6129807692307693 0.22956730769230768 0.078125
0 0.4387019230769231 0.6310096153846154 0.15985576923076922 0.08173076923076923
0 0.5444711538461539 0.59375 0.15745192307692307 0.05889423076923077
0 0.6971153846153846 0.7704326923076923 0.14302884615384615 0.15625
0 0.8269230769230769 0.7247596153846154 0.15985576923076922 0.09735576923076923
0 0.7115384615384616 0.5829326923076923 0.09495192307692307 0.07451923076923077
0 0.8028846153846154 0.5973557692307693 0.06850961538461539 0.042067307692307696
0 0.8641826923076923 0.59375 0.09375 0.06129807692307692
0 0.8605769230769231 0.5661057692307693 0.11899038461538461 0.06490384615384616
0 0.8425480769230769 0.5252403846153846 0.07932692307692307 0.040865384615384616