0 0.052884615384615384 0.30408653846153844 0.04326923076923077 0.04807692307692308
0 0.08413461538461539 0.3425480769230769 0.038461538461538464 0.04927884615384615
0 0.08173076923076923 0.3112980769230769 0.027644230769230768 0.037259615384615384
0 0.1346153846153846 0.2824519230769231 0.018028846153846152 0.04927884615384615
0 0.11778846153846154 0.3076923076923077 0.02283653846153846 0.036057692307692304
0 0.15625 0.3389423076923077 0.03125 0.05048076923076923
0 0.19951923076923078 0.328125 0.020432692307692308 0.055288461538461536
0 0.33413461538461536 0.12740384615384615 0.03125 0.040865384615384616
0 0.4567307692307692 0.18990384615384615 0.056490384615384616 0.038461538461538464
0 0.3557692307692308 0.24278846153846154 0.030048076923076924 0.03245192307692308
0 0.33052884615384615 0.2704326923076923 0.04447115384615385 0.026442307692307692
0 0.2824519230769231 0.2764423076923077 0.04447115384615385 0.028846153846153848
0 0.26802884615384615 0.30408653846153844 0.04807692307692308 0.030048076923076924
0 0.17307692307692307 0.4951923076923077 0.078125 0.04326923076923077
0 0.21394230769230768 0.43990384615384615 0.046875 0.054086538461538464
0 0.2704326923076923 0.5336538461538461 0.054086538461538464 0.055288461538461536
0 0.31490384615384615 0.42788461538461536 0.057692307692307696 0.04927884615384615
0 0.2956730769230769 0.3954326923076923 0.02283653846153846 0.046875
0 0.3401442307692308 0.37740384615384615 0.039663461538461536 0.055288461538461536
0 0.36899038461538464 0.3401442307692308 0.039663461538461536 0.054086538461538464
0 0.3786057692307692 0.42908653846153844 0.046875 0.03125
0 0.3449519230769231 0.49038461538461536 0.036057692307692304 0.03485576923076923
0 0.42427884615384615 0.35216346153846156 0.030048076923076924 0.042067307692307696
0 0.4723557692307692 0.3173076923076923 0.03485576923076923 0.051682692307692304
0 0.49038461538461536 0.25240384615384615 0.036057692307692304 0.036057692307692304
0 0.5252403846153846 0.36538461538461536 0.04567307692307692 0.046875
0 0.4567307692307692 0.4855769230769231 0.054086538461538464 0.04326923076923077
0 0.4735576923076923 0.5276442307692307 0.04927884615384615 0.057692307692307696
0 0.5408653846153846 0.47475961538461536 0.04807692307692308 0.04447115384615385
0 0.6165865384615384 0.4266826923076923 0.056490384615384616 0.042067307692307696
0 0.6262019230769231 0.4675480769230769 0.06009615384615385 0.042067307692307696
0 0.6442307692307693 0.3245192307692308 0.039663461538461536 0.05048076923076923
0 0.6814903846153846 0.38221153846153844 0.04807692307692308 0.042067307692307696
0 0.6850961538461539 0.42908653846153844 0.056490384615384616 0.03485576923076923
0 0.6742788461538461 0.47836538461538464 0.030048076923076924 0.03125