0 0.06850961538461539 0.6081730769230769 0.07692307692307693 0.09014423076923077
0 0.19831730769230768 0.640625 0.07091346153846154 0.08173076923076923
0 0.25841346153846156 0.6754807692307693 0.06009615384615385 0.08413461538461539
0 0.3786057692307692 0.6490384615384616 0.09134615384615384 0.07932692307692307
0 0.4423076923076923 0.6153846153846154 0.054086538461538464 0.056490384615384616
0 0.4110576923076923 0.578125 0.056490384615384616 0.06850961538461539
0 0.5961538461538461 0.4987980769230769 0.11177884615384616 0.109375
0 0.5949519230769231 0.6009615384615384 0.06971153846153846 0.07211538461538461
0 0.6778846153846154 0.5745192307692307 0.056490384615384616 0.06490384615384616
0 0.7319711538461539 0.5300480769230769 0.06490384615384616 0.10096153846153846
0 0.8016826923076923 0.46875 0.04567307692307692 0.0733173076923077
0 0.8341346153846154 0.4182692307692308 0.06490384615384616 0.09254807692307693
0 0.7692307692307693 0.41586538461538464 0.046875 0.057692307692307696
0 0.7584134615384616 0.38221153846153844 0.09495192307692307 0.09375