0 0.13341346153846154 0.6009615384615384 0.08774038461538461 0.09014423076923077
0 0.20793269230769232 0.7560096153846154 0.08653846153846154 0.1346153846153846
0 0.3894230769230769 0.7451923076923077 0.07211538461538461 0.14543269230769232
0 0.4375 0.6923076923076923 0.0733173076923077 0.10336538461538461
0 0.2764423076923077 0.6033653846153846 0.07692307692307693 0.078125
0 0.3293269230769231 0.5637019230769231 0.05889423076923077 0.038461538461538464
0 0.3954326923076923 0.5576923076923077 0.038461538461538464 0.06370192307692307
0 0.43509615384615385 0.5817307692307693 0.039663461538461536 0.04447115384615385
0 0.4579326923076923 0.5625 0.03365384615384615 0.04927884615384615
0 0.4639423076923077 0.5444711538461539 0.052884615384615384 0.05048076923076923
0 0.5492788461538461 0.5300480769230769 0.040865384615384616 0.06850961538461539
0 0.45072115384615385 0.49759615384615385 0.046875 0.042067307692307696
0 0.6959134615384616 0.7836538461538461 0.06610576923076923 0.11177884615384616
0 0.7560096153846154 0.7632211538461539 0.06370192307692307 0.16826923076923078
0 0.859375 0.7427884615384616 0.09014423076923077 0.1466346153846154