0 0.8581730769230769 0.796875 0.0733173076923077 0.078125
0 0.6478365384615384 0.8040865384615384 0.06971153846153846 0.06370192307692307
0 0.5733173076923077 0.7848557692307693 0.05048076923076923 0.04927884615384615
0 0.5504807692307693 0.7475961538461539 0.04807692307692308 0.04927884615384615
0 0.5204326923076923 0.78125 0.057692307692307696 0.05889423076923077
0 0.47596153846153844 0.7512019230769231 0.04807692307692308 0.06009615384615385
0 0.38100961538461536 0.7295673076923077 0.04447115384615385 0.042067307692307696
0 0.34975961538461536 0.7163461538461539 0.042067307692307696 0.054086538461538464
0 0.3076923076923077 0.7163461538461539 0.037259615384615384 0.04447115384615385
0 0.16947115384615385 0.6887019230769231 0.05048076923076923 0.0733173076923077
0 0.11057692307692307 0.6730769230769231 0.051682692307692304 0.05889423076923077