0 0.1045673076923077 0.7127403846153846 0.07211538461538461 0.06490384615384616
0 0.32572115384615385 0.7680288461538461 0.057692307692307696 0.051682692307692304
0 0.38341346153846156 0.6778846153846154 0.09735576923076923 0.051682692307692304
0 0.5012019230769231 0.6766826923076923 0.09254807692307693 0.040865384615384616
0 0.43990384615384615 0.6983173076923077 0.046875 0.04326923076923077
0 0.5817307692307693 0.6165865384615384 0.0889423076923077 0.0625
0 0.5769230769230769 0.5552884615384616 0.08173076923076923 0.051682692307692304
0 0.703125 0.5288461538461539 0.04447115384615385 0.04447115384615385
0 0.7992788461538461 0.546875 0.06850961538461539 0.056490384615384616
0 0.7896634615384616 0.49399038461538464 0.078125 0.055288461538461536
0 0.6177884615384616 0.47836538461538464 0.11658653846153846 0.06971153846153846
0 0.7067307692307693 0.4050480769230769 0.09014423076923077 0.06610576923076923
0 0.8497596153846154 0.4254807692307692 0.07692307692307693 0.037259615384615384
0 0.7764423076923077 0.41947115384615385 0.03485576923076923 0.04447115384615385
0 0.8677884615384616 0.38100961538461536 0.09975961538461539 0.04567307692307692