0 0.10096153846153846 0.7992788461538461 0.04326923076923077 0.07211538461538461
0 0.12139423076923077 0.7680288461538461 0.028846153846153848 0.038461538461538464
0 0.12379807692307693 0.7355769230769231 0.02403846153846154 0.039663461538461536
0 0.14783653846153846 0.6838942307692307 0.03245192307692308 0.06370192307692307
0 0.15504807692307693 0.609375 0.028846153846153848 0.04447115384615385
0 0.17548076923076922 0.5733173076923077 0.027644230769230768 0.04326923076923077
0 0.24639423076923078 0.49278846153846156 0.03485576923076923 0.04927884615384615
0 0.27524038461538464 0.4699519230769231 0.021634615384615384 0.052884615384615384
0 0.28846153846153844 0.4182692307692308 0.02283653846153846 0.046875
0 0.2980769230769231 0.38100961538461536 0.030048076923076924 0.038461538461538464
0 0.3137019230769231 0.35336538461538464 0.02283653846153846 0.03125
0 0.33774038461538464 0.3269230769230769 0.020432692307692308 0.03125
0 0.3870192307692308 0.7932692307692307 0.036057692307692304 0.08173076923076923
0 0.3762019230769231 0.7139423076923077 0.03485576923076923 0.054086538461538464
0 0.42427884615384615 0.5757211538461539 0.03485576923076923 0.06971153846153846
0 0.4375 0.5216346153846154 0.03125 0.054086538461538464
0 0.41586538461538464 0.46153846153846156 0.027644230769230768 0.039663461538461536
0 0.4110576923076923 0.4326923076923077 0.02403846153846154 0.038461538461538464
0 0.4026442307692308 0.39663461538461536 0.019230769230769232 0.037259615384615384
0 0.4170673076923077 0.35697115384615385 0.03485576923076923 0.04927884615384615
0 0.41947115384615385 0.32091346153846156 0.020432692307692308 0.03245192307692308
0 0.28966346153846156 0.11899038461538461 0.014423076923076924 0.019230769230769232
0 0.28846153846153844 0.09495192307692307 0.019230769230769232 0.021634615384615384
0 0.31490384615384615 0.11778846153846154 0.018028846153846152 0.021634615384615384
0 0.359375 0.12620192307692307 0.02403846153846154 0.016826923076923076
0 0.3581730769230769 0.1141826923076923 0.026442307692307692 0.019230769230769232
0 0.4014423076923077 0.12860576923076922 0.025240384615384616 0.02403846153846154
0 0.44471153846153844 0.12980769230769232 0.021634615384615384 0.026442307692307692
0 0.4699519230769231 0.1310096153846154 0.015625 0.021634615384615384
0 0.5132211538461539 0.12379807692307693 0.018028846153846152 0.021634615384615384
0 0.5997596153846154 0.13221153846153846 0.021634615384615384 0.020432692307692308
0 0.6550480769230769 0.10697115384615384 0.02283653846153846 0.026442307692307692
0 0.6658653846153846 0.12980769230769232 0.026442307692307692 0.015625
0 0.6754807692307693 0.11298076923076923 0.021634615384615384 0.020432692307692308
0 0.6790865384615384 0.09735576923076923 0.014423076923076924 0.019230769230769232
0 0.6947115384615384 0.109375 0.019230769230769232 0.020432692307692308
0 0.7115384615384616 0.09495192307692307 0.019230769230769232 0.018028846153846152
0 0.7415865384615384 0.10216346153846154 0.02283653846153846 0.02403846153846154
0 0.7391826923076923 0.12740384615384615 0.016826923076923076 0.019230769230769232
0 0.7932692307692307 0.12139423076923077 0.026442307692307692 0.030048076923076924
0 0.75 0.1201923076923077 0.015625 0.018028846153846152
0 0.7716346153846154 0.125 0.008413461538461538 0.018028846153846152