0 0.5865384615384616 0.4951923076923077 0.039663461538461536 0.056490384615384616
0 0.6622596153846154 0.4387019230769231 0.030048076923076924 0.04326923076923077
0 0.703125 0.4651442307692308 0.018028846153846152 0.025240384615384616
0 0.7608173076923077 0.4483173076923077 0.016826923076923076 0.03485576923076923
0 0.7536057692307693 0.33533653846153844 0.03365384615384615 0.036057692307692304
0 0.6887019230769231 0.6694711538461539 0.02283653846153846 0.03365384615384615
0 0.7115384615384616 0.796875 0.02283653846153846 0.040865384615384616
0 0.8461538461538461 0.7295673076923077 0.026442307692307692 0.036057692307692304
0 0.8533653846153846 0.7043269230769231 0.036057692307692304 0.038461538461538464
0 0.8786057692307693 0.7259615384615384 0.028846153846153848 0.03365384615384615
0 0.90625 0.7932692307692307 0.020432692307692308 0.052884615384615384