0 0.027644230769230768 0.4050480769230769 0.03485576923076923 0.04927884615384615
0 0.07451923076923077 0.3798076923076923 0.039663461538461536 0.054086538461538464
0 0.109375 0.3557692307692308 0.02283653846153846 0.04447115384615385
0 0.12980769230769232 0.43509615384615385 0.06490384615384616 0.08052884615384616
0 0.1658653846153846 0.38100961538461536 0.052884615384615384 0.056490384615384616
0 0.21153846153846154 0.3641826923076923 0.06129807692307692 0.08653846153846154
0 0.24278846153846154 0.3161057692307692 0.054086538461538464 0.0733173076923077
0 0.33653846153846156 0.53125 0.057692307692307696 0.09495192307692307
0 0.3894230769230769 0.5685096153846154 0.04927884615384615 0.08533653846153846
0 0.35336538461538464 0.4423076923076923 0.06850961538461539 0.07211538461538461
0 0.4026442307692308 0.4567307692307692 0.030048076923076924 0.040865384615384616
0 0.36177884615384615 0.3870192307692308 0.030048076923076924 0.038461538461538464
0 0.4170673076923077 0.3894230769230769 0.07692307692307693 0.054086538461538464
0 0.5913461538461539 0.4891826923076923 0.06009615384615385 0.07211538461538461
0 0.6358173076923077 0.5084134615384616 0.042067307692307696 0.05889423076923077
0 0.7079326923076923 0.5024038461538461 0.06971153846153846 0.0733173076923077
0 0.6826923076923077 0.4831730769230769 0.042067307692307696 0.036057692307692304
0 0.6730769230769231 0.46153846153846156 0.08653846153846154 0.06009615384615385
0 0.6310096153846154 0.4230769230769231 0.0733173076923077 0.040865384615384616
0 0.7475961538461539 0.4387019230769231 0.07211538461538461 0.06610576923076923
0 0.8233173076923077 0.4182692307692308 0.08052884615384616 0.08052884615384616