0 0.028846153846153848 0.3954326923076923 0.028846153846153848 0.04326923076923077
0 0.078125 0.38341346153846156 0.026442307692307692 0.04326923076923077
0 0.12740384615384615 0.43149038461538464 0.06009615384615385 0.054086538461538464
0 0.16466346153846154 0.3798076923076923 0.04927884615384615 0.046875
0 0.20793269230769232 0.35697115384615385 0.056490384615384616 0.052884615384615384
0 0.24639423076923078 0.31971153846153844 0.06610576923076923 0.054086538461538464
0 0.3389423076923077 0.5288461538461539 0.06370192307692307 0.06850961538461539
0 0.3605769230769231 0.4375 0.056490384615384616 0.057692307692307696
0 0.39903846153846156 0.4579326923076923 0.028846153846153848 0.037259615384615384
0 0.38221153846153844 0.546875 0.025240384615384616 0.03125
0 0.4074519230769231 0.3894230769230769 0.05889423076923077 0.04807692307692308
0 0.6009615384615384 0.47596153846153844 0.052884615384615384 0.04927884615384615
0 0.6466346153846154 0.5096153846153846 0.05048076923076923 0.038461538461538464
0 0.6237980769230769 0.43028846153846156 0.05889423076923077 0.040865384615384616
0 0.7127403846153846 0.4987980769230769 0.06850961538461539 0.06850961538461539
0 0.6754807692307693 0.4807692307692308 0.042067307692307696 0.037259615384615384
0 0.6754807692307693 0.46033653846153844 0.07211538461538461 0.05048076923076923
0 0.75 0.4387019230769231 0.06850961538461539 0.06610576923076923
0 0.8269230769230769 0.41466346153846156 0.07692307692307693 0.06971153846153846