0 0.17548076923076922 0.7884615384615384 0.09014423076923077 0.11057692307692307
0 0.4375 0.671875 0.057692307692307696 0.06610576923076923
0 0.48677884615384615 0.640625 0.04807692307692308 0.0733173076923077
0 0.6009615384615384 0.5985576923076923 0.025240384615384616 0.054086538461538464
0 0.6754807692307693 0.5865384615384616 0.0625 0.07211538461538461
0 0.7692307692307693 0.42908653846153844 0.036057692307692304 0.05048076923076923
0 0.9639423076923077 0.4110576923076923 0.0625 0.055288461538461536
0 0.6177884615384616 0.41947115384615385 0.03245192307692308 0.042067307692307696
0 0.6370192307692307 0.3954326923076923 0.06129807692307692 0.05889423076923077
0 0.5480769230769231 0.40865384615384615 0.046875 0.04927884615384615
0 0.4074519230769231 0.4807692307692308 0.04447115384615385 0.046875
0 0.3737980769230769 0.45913461538461536 0.02403846153846154 0.06490384615384616
0 0.265625 0.4014423076923077 0.04927884615384615 0.052884615384615384
0 0.2127403846153846 0.3449519230769231 0.04447115384615385 0.06009615384615385
0 0.20673076923076922 0.28725961538461536 0.07091346153846154 0.04807692307692308
0 0.2704326923076923 0.3545673076923077 0.015625 0.03485576923076923
0 0.30649038461538464 0.35096153846153844 0.046875 0.054086538461538464
0 0.36177884615384615 0.3161057692307692 0.042067307692307696 0.056490384615384616
0 0.4362980769230769 0.3076923076923077 0.03245192307692308 0.06490384615384616