0 0.8461538461538461 0.5637019230769231 0.018028846153846152 0.04326923076923077
0 0.8185096153846154 0.5504807692307693 0.020432692307692308 0.028846153846153848
0 0.7956730769230769 0.5516826923076923 0.019230769230769232 0.03125
0 0.7764423076923077 0.5204326923076923 0.036057692307692304 0.046875
0 0.6310096153846154 0.5997596153846154 0.021634615384615384 0.038461538461538464
0 0.6995192307692307 0.4891826923076923 0.02283653846153846 0.030048076923076924
0 0.6826923076923077 0.45913461538461536 0.015625 0.020432692307692308
0 0.6694711538461539 0.43028846153846156 0.016826923076923076 0.03125
0 0.671875 0.47836538461538464 0.02403846153846154 0.03245192307692308
0 0.6802884615384616 0.5120192307692307 0.019230769230769232 0.04326923076923077
0 0.65625 0.5096153846153846 0.020432692307692308 0.03125
0 0.6237980769230769 0.5264423076923077 0.020432692307692308 0.02283653846153846
0 0.609375 0.5252403846153846 0.015625 0.03245192307692308
0 0.5949519230769231 0.46875 0.008413461538461538 0.028846153846153848
0 0.5709134615384616 0.4699519230769231 0.013221153846153846 0.036057692307692304
0 0.5576923076923077 0.49038461538461536 0.014423076923076924 0.02283653846153846
0 0.5480769230769231 0.5084134615384616 0.016826923076923076 0.027644230769230768
0 0.5408653846153846 0.5516826923076923 0.020432692307692308 0.03365384615384615
0 0.5685096153846154 0.5324519230769231 0.019230769230769232 0.027644230769230768
0 0.5853365384615384 0.5588942307692307 0.015625 0.03125
0 0.5925480769230769 0.5228365384615384 0.02403846153846154 0.036057692307692304
0 0.5817307692307693 0.5072115384615384 0.019230769230769232 0.02403846153846154
0 0.5096153846153846 0.5060096153846154 0.015625 0.028846153846153848
0 0.45072115384615385 0.6213942307692307 0.019230769230769232 0.04326923076923077
0 0.43028846153846156 0.5949519230769231 0.014423076923076924 0.02403846153846154
0 0.42788461538461536 0.5697115384615384 0.019230769230769232 0.026442307692307692
0 0.43990384615384615 0.5588942307692307 0.018028846153846152 0.042067307692307696
0 0.4375 0.53125 0.014423076923076924 0.028846153846153848
0 0.43509615384615385 0.5144230769230769 0.009615384615384616 0.018028846153846152
0 0.45072115384615385 0.5048076923076923 0.016826923076923076 0.03245192307692308
0 0.3389423076923077 0.6262019230769231 0.019230769230769232 0.037259615384615384
0 0.35336538461538464 0.5877403846153846 0.02283653846153846 0.028846153846153848
0 0.3713942307692308 0.5733173076923077 0.018028846153846152 0.02403846153846154
0 0.3870192307692308 0.5228365384615384 0.010817307692307692 0.019230769230769232
0 0.41346153846153844 0.5096153846153846 0.02403846153846154 0.036057692307692304
0 0.40384615384615385 0.5444711538461539 0.014423076923076924 0.021634615384615384
0 0.4074519230769231 0.5721153846153846 0.02403846153846154 0.03245192307692308
0 0.41346153846153844 0.6057692307692307 0.013221153846153846 0.03245192307692308
0 0.38221153846153844 0.49759615384615385 0.021634615384615384 0.030048076923076924
0 0.3473557692307692 0.5180288461538461 0.021634615384615384 0.026442307692307692
0 0.3557692307692308 0.5108173076923077 0.016826923076923076 0.028846153846153848
0 0.3605769230769231 0.49038461538461536 0.016826923076923076 0.016826923076923076
0 0.3449519230769231 0.46875 0.014423076923076924 0.025240384615384616
0 0.3329326923076923 0.4987980769230769 0.018028846153846152 0.027644230769230768
0 0.3269230769230769 0.4723557692307692 0.01201923076923077 0.028846153846153848
0 0.3137019230769231 0.4831730769230769 0.014423076923076924 0.020432692307692308
0 0.29927884615384615 0.48677884615384615 0.01201923076923077 0.036057692307692304
0 0.30408653846153844 0.5204326923076923 0.015625 0.03245192307692308
0 0.27403846153846156 0.5060096153846154 0.014423076923076924 0.026442307692307692
0 0.2920673076923077 0.5048076923076923 0.009615384615384616 0.028846153846153848
0 0.27884615384615385 0.47475961538461536 0.015625 0.037259615384615384
0 0.2620192307692308 0.5420673076923077 0.013221153846153846 0.030048076923076924
0 0.24519230769230768 0.5144230769230769 0.014423076923076924 0.027644230769230768
0 0.2247596153846154 0.5228365384615384 0.016826923076923076 0.036057692307692304
0 0.21033653846153846 0.453125 0.019230769230769232 0.03485576923076923
0 0.2548076923076923 0.49038461538461536 0.01201923076923077 0.04927884615384615
0 0.2608173076923077 0.4495192307692308 0.010817307692307692 0.021634615384615384
0 0.2512019230769231 0.4266826923076923 0.014423076923076924 0.02403846153846154