0 0.30288461538461536 0.6610576923076923 0.025240384615384616 0.03125
0 0.33653846153846156 0.6899038461538461 0.027644230769230768 0.028846153846153848
0 0.4098557692307692 0.6225961538461539 0.019230769230769232 0.026442307692307692
0 0.4519230769230769 0.6213942307692307 0.016826923076923076 0.026442307692307692
0 0.4543269230769231 0.6430288461538461 0.010817307692307692 0.019230769230769232
0 0.46875 0.6225961538461539 0.014423076923076924 0.013221153846153846
0 0.4855769230769231 0.6069711538461539 0.016826923076923076 0.026442307692307692
0 0.4831730769230769 0.6430288461538461 0.018028846153846152 0.03125
0 0.49399038461538464 0.6322115384615384 0.013221153846153846 0.019230769230769232
0 0.5180288461538461 0.6442307692307693 0.027644230769230768 0.027644230769230768
0 0.578125 0.6298076923076923 0.030048076923076924 0.030048076923076924
0 0.7908653846153846 0.7451923076923077 0.013221153846153846 0.02403846153846154