0 0.5576923076923077 0.3798076923076923 0.03365384615384615 0.06009615384615385
0 0.7235576923076923 0.5024038461538461 0.038461538461538464 0.046875
0 0.65625 0.4098557692307692 0.042067307692307696 0.04927884615384615
0 0.7319711538461539 0.3942307692307692 0.038461538461538464 0.046875
0 0.6838942307692307 0.421875 0.019230769230769232 0.028846153846153848
0 0.6995192307692307 0.44711538461538464 0.030048076923076924 0.036057692307692304
0 0.7019230769230769 0.41947115384615385 0.016826923076923076 0.03245192307692308
0 0.7223557692307693 0.4206730769230769 0.03125 0.02283653846153846
0 0.7271634615384616 0.4495192307692308 0.018028846153846152 0.030048076923076924
0 0.7632211538461539 0.43990384615384615 0.04447115384615385 0.030048076923076924
0 0.7427884615384616 0.4543269230769231 0.025240384615384616 0.038461538461538464
0 0.7512019230769231 0.4735576923076923 0.026442307692307692 0.026442307692307692
0 0.7608173076923077 0.45552884615384615 0.02403846153846154 0.026442307692307692
0 0.7896634615384616 0.4831730769230769 0.03485576923076923 0.038461538461538464
0 0.8112980769230769 0.4723557692307692 0.04807692307692308 0.04807692307692308