0 0.15264423076923078 0.14543269230769232 0.030048076923076924 0.06971153846153846
0 0.2127403846153846 0.22355769230769232 0.039663461538461536 0.06370192307692307
0 0.3293269230769231 0.10817307692307693 0.042067307692307696 0.054086538461538464
0 0.4387019230769231 0.11538461538461539 0.016826923076923076 0.051682692307692304
0 0.4074519230769231 0.14783653846153846 0.028846153846153848 0.06009615384615385
0 0.3557692307692308 0.17548076923076922 0.019230769230769232 0.04567307692307692
0 0.3389423076923077 0.26322115384615385 0.02283653846153846 0.054086538461538464
0 0.3605769230769231 0.2403846153846154 0.020432692307692308 0.04447115384615385
0 0.38341346153846156 0.2644230769230769 0.016826923076923076 0.03485576923076923
0 0.3918269230769231 0.23197115384615385 0.018028846153846152 0.04567307692307692
0 0.37259615384615385 0.29447115384615385 0.03485576923076923 0.05889423076923077
0 0.4026442307692308 0.3581730769230769 0.046875 0.056490384615384616
0 0.4362980769230769 0.30288461538461536 0.03365384615384615 0.04567307692307692
0 0.44591346153846156 0.3605769230769231 0.027644230769230768 0.06129807692307692
0 0.43149038461538464 0.4110576923076923 0.02283653846153846 0.0625
0 0.46634615384615385 0.3762019230769231 0.018028846153846152 0.054086538461538464
0 0.49278846153846156 0.3942307692307692 0.018028846153846152 0.04326923076923077
0 0.5228365384615384 0.39903846153846156 0.03125 0.04807692307692308
0 0.5336538461538461 0.4543269230769231 0.039663461538461536 0.042067307692307696
0 0.5769230769230769 0.4723557692307692 0.039663461538461536 0.06850961538461539
0 0.5721153846153846 0.41225961538461536 0.027644230769230768 0.046875
0 0.6045673076923077 0.3918269230769231 0.03365384615384615 0.04326923076923077
0 0.609375 0.4338942307692308 0.03125 0.038461538461538464
0 0.6129807692307693 0.484375 0.016826923076923076 0.04326923076923077
0 0.6358173076923077 0.4639423076923077 0.020432692307692308 0.03485576923076923
0 0.6706730769230769 0.46153846153846156 0.046875 0.057692307692307696
0 0.6826923076923077 0.5180288461538461 0.04567307692307692 0.04447115384615385
0 0.6502403846153846 0.5576923076923077 0.06129807692307692 0.054086538461538464
0 0.6995192307692307 0.5721153846153846 0.04567307692307692 0.055288461538461536
0 0.7259615384615384 0.5528846153846154 0.03245192307692308 0.04447115384615385
0 0.7524038461538461 0.5444711538461539 0.028846153846153848 0.042067307692307696
0 0.7776442307692307 0.5348557692307693 0.055288461538461536 0.0733173076923077
0 0.8509615384615384 0.6418269230769231 0.05048076923076923 0.06610576923076923
0 0.8737980769230769 0.5817307692307693 0.07091346153846154 0.04807692307692308