0 0.12740384615384615 0.28365384615384615 0.037259615384615384 0.030048076923076924
0 0.16947115384615385 0.25841346153846156 0.020432692307692308 0.06009615384615385
0 0.25240384615384615 0.30288461538461536 0.03125 0.04807692307692308
0 0.33413461538461536 0.6069711538461539 0.04326923076923077 0.06850961538461539
0 0.3016826923076923 0.3125 0.03485576923076923 0.05889423076923077
0 0.359375 0.3401442307692308 0.03245192307692308 0.036057692307692304
0 0.390625 0.2439903846153846 0.026442307692307692 0.042067307692307696
0 0.5408653846153846 0.40625 0.06009615384615385 0.05048076923076923
0 0.5853365384615384 0.36177884615384615 0.036057692307692304 0.04807692307692308
0 0.5793269230769231 0.3317307692307692 0.039663461538461536 0.042067307692307696
0 0.6370192307692307 0.3329326923076923 0.03245192307692308 0.036057692307692304
0 0.6754807692307693 0.6814903846153846 0.055288461538461536 0.0829326923076923
0 0.765625 0.5564903846153846 0.03485576923076923 0.04326923076923077
0 0.8533653846153846 0.4519230769230769 0.03365384615384615 0.055288461538461536
0 0.8966346153846154 0.2932692307692308 0.028846153846153848 0.038461538461538464
0 0.7584134615384616 0.4987980769230769 0.016826923076923076 0.046875