0 0.27283653846153844 0.6923076923076923 0.051682692307692304 0.12379807692307693
0 0.6502403846153846 0.4855769230769231 0.055288461538461536 0.109375
0 0.7139423076923077 0.4483173076923077 0.04326923076923077 0.057692307692307696
0 0.7824519230769231 0.4326923076923077 0.0625 0.1045673076923077
0 0.5528846153846154 0.42788461538461536 0.039663461538461536 0.0733173076923077
0 0.41346153846153844 0.43990384615384615 0.028846153846153848 0.051682692307692304
0 0.3317307692307692 0.46274038461538464 0.04807692307692308 0.09254807692307693
0 0.21514423076923078 0.4170673076923077 0.07692307692307693 0.06129807692307692
0 0.2800480769230769 0.390625 0.04326923076923077 0.07451923076923077
0 0.25721153846153844 0.37259615384615385 0.06129807692307692 0.03365384615384615
0 0.3473557692307692 0.3858173076923077 0.08173076923076923 0.07451923076923077
0 0.17548076923076922 0.3161057692307692 0.037259615384615384 0.1045673076923077
0 0.23317307692307693 0.28125 0.04447115384615385 0.04927884615384615
0 0.27884615384615385 0.2860576923076923 0.052884615384615384 0.06850961538461539
0 0.32091346153846156 0.23076923076923078 0.0673076923076923 0.0733173076923077
0 0.35216346153846156 0.25961538461538464 0.04567307692307692 0.06610576923076923
0 0.3389423076923077 0.3233173076923077 0.03125 0.056490384615384616
0 0.40384615384615385 0.31490384615384615 0.04927884615384615 0.042067307692307696
0 0.4723557692307692 0.28966346153846156 0.078125 0.07091346153846154
0 0.4362980769230769 0.25240384615384615 0.06009615384615385 0.07211538461538461