0 0.4338942307692308 0.6129807692307693 0.05048076923076923 0.055288461538461536
0 0.47836538461538464 0.6081730769230769 0.040865384615384616 0.06009615384615385
0 0.4807692307692308 0.5733173076923077 0.028846153846153848 0.03365384615384615
0 0.5180288461538461 0.6274038461538461 0.038461538461538464 0.04567307692307692
0 0.5396634615384616 0.6021634615384616 0.027644230769230768 0.042067307692307696
0 0.5132211538461539 0.578125 0.019230769230769232 0.037259615384615384
0 0.5372596153846154 0.5588942307692307 0.036057692307692304 0.042067307692307696
0 0.578125 0.5901442307692307 0.028846153846153848 0.04447115384615385
0 0.5997596153846154 0.6177884615384616 0.038461538461538464 0.03485576923076923
0 0.6418269230769231 0.6502403846153846 0.055288461538461536 0.051682692307692304
0 0.6177884615384616 0.6887019230769231 0.042067307692307696 0.042067307692307696
0 0.6298076923076923 0.7367788461538461 0.03125 0.07572115384615384
0 0.6334134615384616 0.6081730769230769 0.027644230769230768 0.04326923076923077