0 0.38221153846153844 0.890625 0.1622596153846154 0.07932692307692307
0 0.1875 0.8786057692307693 0.18269230769230768 0.07451923076923077
0 0.3016826923076923 0.8004807692307693 0.11177884615384616 0.078125
0 0.10216346153846154 0.5336538461538461 0.15625 0.08413461538461539
0 0.21514423076923078 0.44471153846153844 0.13822115384615385 0.09975961538461539
0 0.3161057692307692 0.5889423076923077 0.13221153846153846 0.06009615384615385
0 0.2620192307692308 0.5564903846153846 0.10216346153846154 0.038461538461538464
0 0.3557692307692308 0.6394230769230769 0.08052884615384616 0.06610576923076923
0 0.46033653846153844 0.6526442307692307 0.07692307692307693 0.04326923076923077
0 0.5829326923076923 0.6706730769230769 0.11899038461538461 0.06850961538461539
0 0.6418269230769231 0.6935096153846154 0.09495192307692307 0.05889423076923077
0 0.5697115384615384 0.6129807692307693 0.09375 0.09254807692307693
0 0.421875 0.5528846153846154 0.16826923076923078 0.078125
0 0.35216346153846156 0.5180288461538461 0.1201923076923077 0.06370192307692307
0 0.5817307692307693 0.5108173076923077 0.19110576923076922 0.08413461538461539
0 0.4723557692307692 0.4170673076923077 0.13942307692307693 0.052884615384615384
0 0.49399038461538464 0.4795673076923077 0.10817307692307693 0.040865384615384616
0 0.5552884615384616 0.3762019230769231 0.13942307692307693 0.09254807692307693
0 0.6165865384615384 0.2692307692307692 0.13221153846153846 0.06009615384615385
0 0.6394230769230769 0.20673076923076922 0.15384615384615385 0.07572115384615384
0 0.4699519230769231 0.12259615384615384 0.17908653846153846 0.08533653846153846
0 0.21995192307692307 0.11899038461538461 0.171875 0.052884615384615384
0 0.1622596153846154 0.06009615384615385 0.17427884615384615 0.06129807692307692