0 0.10336538461538461 0.6069711538461539 0.18990384615384615 0.21634615384615385
0 0.1778846153846154 0.47115384615384615 0.09375 0.09615384615384616
0 0.23918269230769232 0.5276442307692307 0.10697115384615384 0.1310096153846154
0 0.24759615384615385 0.43990384615384615 0.09735576923076923 0.1045673076923077
0 0.24158653846153846 0.38221153846153844 0.08774038461538461 0.09014423076923077
0 0.2704326923076923 0.3112980769230769 0.0889423076923077 0.10817307692307693
0 0.15985576923076922 0.13942307692307693 0.11538461538461539 0.13942307692307693
0 0.39663461538461536 0.27403846153846156 0.09014423076923077 0.09134615384615384
0 0.3449519230769231 0.41466346153846156 0.09735576923076923 0.14543269230769232
0 0.46274038461538464 0.421875 0.13701923076923078 0.1045673076923077
0 0.3894230769230769 0.5084134615384616 0.1045673076923077 0.12980769230769232
0 0.43990384615384615 0.5360576923076923 0.1502403846153846 0.1466346153846154
0 0.3389423076923077 0.7223557692307693 0.16346153846153846 0.15384615384615385
0 0.4951923076923077 0.6502403846153846 0.18509615384615385 0.17427884615384615
0 0.7295673076923077 0.6550480769230769 0.15985576923076922 0.14783653846153846
0 0.6430288461538461 0.5793269230769231 0.1466346153846154 0.14783653846153846
0 0.8689903846153846 0.5324519230769231 0.14903846153846154 0.20072115384615385
0 0.7752403846153846 0.5396634615384616 0.07091346153846154 0.09735576923076923
0 0.7596153846153846 0.4411057692307692 0.042067307692307696 0.08413461538461539
0 0.7319711538461539 0.4879807692307692 0.04927884615384615 0.0733173076923077
0 0.7079326923076923 0.39783653846153844 0.057692307692307696 0.11177884615384616
0 0.7908653846153846 0.39783653846153844 0.06490384615384616 0.11899038461538461
0 0.8233173076923077 0.28725961538461536 0.08052884615384616 0.11778846153846154
0 0.8701923076923077 0.3641826923076923 0.0985576923076923 0.13581730769230768
0 0.9002403846153846 0.32091346153846156 0.09014423076923077 0.12980769230769232
0 0.953125 0.25240384615384615 0.078125 0.09615384615384616
0 0.9615384615384616 0.31009615384615385 0.030048076923076924 0.10576923076923077