0 0.1466346153846154 0.38341346153846156 0.03125 0.03245192307692308
0 0.17548076923076922 0.4014423076923077 0.015625 0.020432692307692308
0 0.1971153846153846 0.38341346153846156 0.030048076923076924 0.02403846153846154
0 0.21394230769230768 0.40384615384615385 0.020432692307692308 0.030048076923076924
0 0.23677884615384615 0.4050480769230769 0.01201923076923077 0.026442307692307692
0 0.25961538461538464 0.39783653846153844 0.013221153846153846 0.020432692307692308
0 0.28966346153846156 0.37740384615384615 0.03485576923076923 0.025240384615384616
0 0.3016826923076923 0.3954326923076923 0.019230769230769232 0.019230769230769232
0 0.36177884615384615 0.375 0.03485576923076923 0.02403846153846154
0 0.3389423076923077 0.40024038461538464 0.018028846153846152 0.03245192307692308
0 0.35336538461538464 0.4519230769230769 0.019230769230769232 0.028846153846153848
0 0.38341346153846156 0.4206730769230769 0.021634615384615384 0.03125
0 0.4567307692307692 0.43990384615384615 0.03125 0.040865384615384616
0 0.46875 0.4110576923076923 0.018028846153846152 0.03365384615384615
0 0.4795673076923077 0.3858173076923077 0.037259615384615384 0.026442307692307692
0 0.5552884615384616 0.5432692307692307 0.03485576923076923 0.051682692307692304
0 0.6081730769230769 0.4855769230769231 0.04447115384615385 0.040865384615384616
0 0.6802884615384616 0.36778846153846156 0.03485576923076923 0.03485576923076923
0 0.6923076923076923 0.39663461538461536 0.03245192307692308 0.03485576923076923
0 0.7475961538461539 0.3942307692307692 0.04326923076923077 0.04807692307692308
0 0.8149038461538461 0.359375 0.04447115384615385 0.04447115384615385
0 0.8329326923076923 0.6430288461538461 0.040865384615384616 0.03485576923076923
0 0.828125 0.671875 0.025240384615384616 0.038461538461538464
0 0.8221153846153846 0.7259615384615384 0.051682692307692304 0.046875
0 0.8737980769230769 0.7439903846153846 0.05048076923076923 0.03125
0 0.8713942307692307 0.8365384615384616 0.042067307692307696 0.0733173076923077
0 0.9338942307692307 0.7259615384615384 0.04807692307692308 0.04447115384615385
0 0.9471153846153846 0.6574519230769231 0.04447115384615385 0.056490384615384616
0 0.9074519230769231 0.6622596153846154 0.027644230769230768 0.036057692307692304