0 0.1658653846153846 0.6033653846153846 0.15384615384615385 0.14182692307692307
0 0.32091346153846156 0.7439903846153846 0.13221153846153846 0.13341346153846154
0 0.5300480769230769 0.6730769230769231 0.10336538461538461 0.11658653846153846
0 0.6899038461538461 0.6370192307692307 0.1466346153846154 0.1310096153846154
0 0.49759615384615385 0.5829326923076923 0.11538461538461539 0.09254807692307693
0 0.35697115384615385 0.5949519230769231 0.13822115384615385 0.14302884615384615
0 0.2704326923076923 0.5997596153846154 0.07091346153846154 0.07211538461538461
0 0.43509615384615385 0.5132211538461539 0.09254807692307693 0.09975961538461539
0 0.5180288461538461 0.41586538461538464 0.13701923076923078 0.13341346153846154
0 0.7163461538461539 0.38822115384615385 0.0625 0.0625
0 0.7427884615384616 0.33413461538461536 0.09615384615384616 0.0889423076923077
0 0.9350961538461539 0.12139423076923077 0.10096153846153846 0.125
0 0.7692307692307693 0.21153846153846154 0.09134615384615384 0.09375
0 0.6286057692307693 0.16826923076923078 0.11778846153846154 0.09615384615384616
0 0.49038461538461536 0.18870192307692307 0.0889423076923077 0.09735576923076923
0 0.27884615384615385 0.24879807692307693 0.12980769230769232 0.10336538461538461