0 0.046875 0.7307692307692307 0.03485576923076923 0.0625
0 0.0889423076923077 0.6850961538461539 0.036057692307692304 0.04326923076923077
0 0.08533653846153846 0.7524038461538461 0.025240384615384616 0.026442307692307692
0 0.1622596153846154 0.6081730769230769 0.03125 0.052884615384615384
0 0.22956730769230768 0.46153846153846156 0.021634615384615384 0.039663461538461536
0 0.24879807692307693 0.39663461538461536 0.028846153846153848 0.04326923076923077
0 0.2932692307692308 0.38822115384615385 0.039663461538461536 0.06370192307692307
0 0.28125 0.47716346153846156 0.04447115384615385 0.04447115384615385
0 0.28966346153846156 0.5913461538461539 0.021634615384615384 0.06490384615384616
0 0.5384615384615384 0.37740384615384615 0.02283653846153846 0.0625
0 0.6838942307692307 0.3076923076923077 0.04567307692307692 0.054086538461538464
0 0.6514423076923077 0.3425480769230769 0.028846153846153848 0.038461538461538464
0 0.6189903846153846 0.484375 0.021634615384615384 0.046875
0 0.6622596153846154 0.49038461538461536 0.06490384615384616 0.0673076923076923
0 0.5985576923076923 0.8137019230769231 0.039663461538461536 0.036057692307692304
0 0.6213942307692307 0.7692307692307693 0.019230769230769232 0.04807692307692308