0 0.32572115384615385 0.7139423076923077 0.055288461538461536 0.06009615384615385
0 0.16826923076923078 0.6430288461538461 0.051682692307692304 0.037259615384615384
0 0.10817307692307693 0.6586538461538461 0.07091346153846154 0.039663461538461536
0 0.06490384615384616 0.6514423076923077 0.057692307692307696 0.036057692307692304
0 0.04326923076923077 0.6165865384615384 0.057692307692307696 0.07211538461538461
0 0.10336538461538461 0.6129807692307693 0.04567307692307692 0.05048076923076923
0 0.18870192307692307 0.5805288461538461 0.057692307692307696 0.05048076923076923
0 0.25961538461538464 0.53125 0.052884615384615384 0.056490384615384616
0 0.36538461538461536 0.4014423076923077 0.052884615384615384 0.04927884615384615
0 0.4170673076923077 0.41947115384615385 0.04326923076923077 0.05048076923076923
0 0.42788461538461536 0.3737980769230769 0.051682692307692304 0.056490384615384616
0 0.46153846153846156 0.2776442307692308 0.06129807692307692 0.05889423076923077
0 0.5588942307692307 0.4362980769230769 0.039663461538461536 0.051682692307692304
0 0.5420673076923077 0.4014423076923077 0.05048076923076923 0.042067307692307696
0 0.578125 0.3317307692307692 0.05889423076923077 0.056490384615384616
0 0.6394230769230769 0.38461538461538464 0.055288461538461536 0.054086538461538464
0 0.6382211538461539 0.2704326923076923 0.036057692307692304 0.05889423076923077
0 0.6911057692307693 0.3329326923076923 0.051682692307692304 0.052884615384615384
0 0.7451923076923077 0.38461538461538464 0.04807692307692308 0.046875
0 0.8341346153846154 0.4026442307692308 0.057692307692307696 0.055288461538461536
0 0.75 0.328125 0.04326923076923077 0.04326923076923077
0 0.8978365384615384 0.35336538461538464 0.051682692307692304 0.04807692307692308
0 0.921875 0.29927884615384615 0.04927884615384615 0.037259615384615384
0 0.9663461538461539 0.3473557692307692 0.04807692307692308 0.0625
0 0.7920673076923077 0.2548076923076923 0.039663461538461536 0.027644230769230768
0 0.71875 0.1935096153846154 0.04927884615384615 0.03125
0 0.8112980769230769 0.22716346153846154 0.05048076923076923 0.046875
0 0.7259615384615384 0.25961538461538464 0.028846153846153848 0.03365384615384615