0 0.16947115384615385 0.5564903846153846 0.14423076923076922 0.12379807692307693
0 0.27403846153846156 0.47596153846153844 0.08653846153846154 0.10697115384615384
0 0.23076923076923078 0.41346153846153844 0.0733173076923077 0.051682692307692304
0 0.24759615384615385 0.375 0.06971153846153846 0.04927884615384615
0 0.31490384615384615 0.3870192307692308 0.08052884615384616 0.0733173076923077
0 0.4014423076923077 0.3245192307692308 0.0985576923076923 0.140625
0 0.37259615384615385 0.4699519230769231 0.11658653846153846 0.14423076923076922
0 0.4182692307692308 0.5588942307692307 0.09975961538461539 0.10576923076923077
0 0.4807692307692308 0.5084134615384616 0.051682692307692304 0.06490384615384616
0 0.5685096153846154 0.4639423076923077 0.12620192307692307 0.1310096153846154
0 0.4483173076923077 0.6947115384615384 0.09735576923076923 0.13581730769230768
0 0.5516826923076923 0.6442307692307693 0.13581730769230768 0.17668269230769232