0 0.16466346153846154 0.5288461538461539 0.1045673076923077 0.15144230769230768
0 0.3233173076923077 0.6694711538461539 0.1310096153846154 0.12620192307692307
0 0.23677884615384615 0.6394230769230769 0.04567307692307692 0.05889423076923077
0 0.20432692307692307 0.4651442307692308 0.07692307692307693 0.09134615384615384
0 0.30649038461538464 0.3245192307692308 0.09615384615384616 0.11899038461538461
0 0.38100961538461536 0.4423076923076923 0.09615384615384616 0.09375
0 0.5793269230769231 0.47716346153846156 0.11538461538461539 0.13221153846153846
0 0.46274038461538464 0.41346153846153844 0.10697115384615384 0.12379807692307693
0 0.5745192307692307 0.41346153846153844 0.056490384615384616 0.05048076923076923
0 0.41225961538461536 0.3425480769230769 0.08533653846153846 0.07692307692307693
0 0.5072115384615384 0.359375 0.0733173076923077 0.0625