0 0.2848557692307692 0.3737980769230769 0.04326923076923077 0.06490384615384616
0 0.22716346153846154 0.4735576923076923 0.06850961538461539 0.07211538461538461
0 0.25240384615384615 0.5841346153846154 0.08653846153846154 0.06610576923076923
0 0.328125 0.5853365384615384 0.06971153846153846 0.04326923076923077
0 0.3245192307692308 0.6346153846153846 0.08774038461538461 0.05889423076923077
0 0.33052884615384615 0.7584134615384616 0.05889423076923077 0.09495192307692307
0 0.38221153846153844 0.6971153846153846 0.07692307692307693 0.08413461538461539
0 0.4567307692307692 0.6682692307692307 0.03245192307692308 0.04447115384615385
0 0.5060096153846154 0.6298076923076923 0.0625 0.0889423076923077
0 0.7007211538461539 0.515625 0.06370192307692307 0.06610576923076923
0 0.8088942307692307 0.4879807692307692 0.05889423076923077 0.05889423076923077
0 0.859375 0.484375 0.025240384615384616 0.042067307692307696
0 0.8858173076923077 0.4483173076923077 0.06610576923076923 0.051682692307692304