0 0.17548076923076922 0.5721153846153846 0.06009615384615385 0.06850961538461539
0 0.14783653846153846 0.42427884615384615 0.0673076923076923 0.04326923076923077
0 0.2824519230769231 0.4519230769230769 0.07451923076923077 0.06129807692307692
0 0.38461538461538464 0.49399038461538464 0.07211538461538461 0.0733173076923077
0 0.421875 0.42788461538461536 0.05048076923076923 0.042067307692307696
0 0.4651442307692308 0.4639423076923077 0.051682692307692304 0.038461538461538464
0 0.5492788461538461 0.5024038461538461 0.07692307692307693 0.056490384615384616
0 0.5697115384615384 0.44350961538461536 0.04326923076923077 0.03125
0 0.6009615384615384 0.41466346153846156 0.07692307692307693 0.052884615384615384
0 0.7103365384615384 0.47115384615384615 0.05048076923076923 0.052884615384615384
0 0.7692307692307693 0.5408653846153846 0.06850961538461539 0.051682692307692304
0 0.8605769230769231 0.6538461538461539 0.04326923076923077 0.06370192307692307
0 0.8485576923076923 0.5685096153846154 0.0625 0.056490384615384616
0 0.9350961538461539 0.5444711538461539 0.04447115384615385 0.07091346153846154
0 0.90625 0.49038461538461536 0.05889423076923077 0.0733173076923077