0 0.3762019230769231 0.18389423076923078 0.09975961538461539 0.039663461538461536
0 0.4074519230769231 0.21153846153846154 0.09975961538461539 0.03365384615384615
0 0.3713942307692308 0.1814903846153846 0.08052884615384616 0.03125
0 0.5060096153846154 0.22355769230769232 0.06610576923076923 0.03485576923076923
0 0.6033653846153846 0.2668269230769231 0.06971153846153846 0.03365384615384615
0 0.6478365384615384 0.23317307692307693 0.0829326923076923 0.038461538461538464
0 0.3894230769230769 0.27884615384615385 0.11177884615384616 0.039663461538461536
0 0.4675480769230769 0.3112980769230769 0.09254807692307693 0.03245192307692308
0 0.41466346153846156 0.3858173076923077 0.09735576923076923 0.04447115384615385
0 0.5528846153846154 0.42908653846153844 0.10216346153846154 0.04567307692307692
0 0.47115384615384615 0.4423076923076923 0.10336538461538461 0.03245192307692308
0 0.6622596153846154 0.44350961538461536 0.07572115384615384 0.03245192307692308
0 0.5360576923076923 0.4891826923076923 0.08052884615384616 0.04326923076923077
0 0.49038461538461536 0.44711538461538464 0.06370192307692307 0.027644230769230768
0 0.35336538461538464 0.49399038461538464 0.08052884615384616 0.06129807692307692
0 0.1778846153846154 0.5697115384615384 0.04927884615384615 0.07211538461538461
0 0.25721153846153844 0.5853365384615384 0.056490384615384616 0.04927884615384615
0 0.21995192307692307 0.6310096153846154 0.06009615384615385 0.021634615384615384
0 0.2956730769230769 0.6610576923076923 0.0625 0.051682692307692304
0 0.3629807692307692 0.6490384615384616 0.0985576923076923 0.040865384615384616
0 0.3004807692307692 0.7680288461538461 0.12740384615384615 0.07211538461538461
0 0.453125 0.7163461538461539 0.09134615384615384 0.04447115384615385
0 0.5504807692307693 0.5324519230769231 0.09134615384615384 0.037259615384615384
0 0.5528846153846154 0.5649038461538461 0.06009615384615385 0.039663461538461536
0 0.7019230769230769 0.4891826923076923 0.0625 0.04326923076923077
0 0.6826923076923077 0.5372596153846154 0.10576923076923077 0.05048076923076923
0 0.7115384615384616 0.5769230769230769 0.04807692307692308 0.03485576923076923
0 0.6754807692307693 0.5649038461538461 0.037259615384615384 0.028846153846153848
0 0.6430288461538461 0.5877403846153846 0.11177884615384616 0.025240384615384616
0 0.6322115384615384 0.6237980769230769 0.03125 0.021634615384615384
0 0.7379807692307693 0.6706730769230769 0.06009615384615385 0.052884615384615384