0 0.3317307692307692 0.7235576923076923 0.13581730769230768 0.0889423076923077
0 0.5036057692307693 0.6971153846153846 0.12740384615384615 0.08413461538461539
0 0.21394230769230768 0.5456730769230769 0.15504807692307693 0.057692307692307696
0 0.3389423076923077 0.23798076923076922 0.0673076923076923 0.038461538461538464
0 0.4098557692307692 0.3137019230769231 0.0625 0.039663461538461536
0 0.5024038461538461 0.5012019230769231 0.10096153846153846 0.046875
0 0.4254807692307692 0.5192307692307693 0.1045673076923077 0.025240384615384616
0 0.40024038461538464 0.4651442307692308 0.11298076923076923 0.056490384615384616
0 0.5 0.4110576923076923 0.11778846153846154 0.04326923076923077
0 0.5637019230769231 0.3786057692307692 0.09735576923076923 0.042067307692307696
0 0.5973557692307693 0.3473557692307692 0.05889423076923077 0.027644230769230768
0 0.7055288461538461 0.359375 0.055288461538461536 0.03485576923076923
0 0.6694711538461539 0.2668269230769231 0.0829326923076923 0.03485576923076923
0 0.8786057692307693 0.3173076923076923 0.08052884615384616 0.042067307692307696
0 0.9435096153846154 0.2644230769230769 0.05889423076923077 0.03245192307692308