0 0.10697115384615384 0.21875 0.09615384615384616 0.06009615384615385
0 0.07211538461538461 0.2956730769230769 0.09975961538461539 0.06850961538461539
0 0.32211538461538464 0.21875 0.0673076923076923 0.07211538461538461
0 0.6358173076923077 0.2644230769230769 0.06370192307692307 0.08052884615384616
0 0.5817307692307693 0.2668269230769231 0.03245192307692308 0.038461538461538464
0 0.36899038461538464 0.4026442307692308 0.09134615384615384 0.10336538461538461
0 0.3173076923076923 0.4110576923076923 0.026442307692307692 0.042067307692307696
0 0.2764423076923077 0.46274038461538464 0.08774038461538461 0.06370192307692307
0 0.2091346153846154 0.42788461538461536 0.07572115384615384 0.06610576923076923
0 0.13581730769230768 0.42908653846153844 0.0625 0.056490384615384616
0 0.3112980769230769 0.5949519230769231 0.09615384615384616 0.07451923076923077
0 0.7307692307692307 0.6670673076923077 0.08774038461538461 0.08413461538461539
0 0.8317307692307693 0.6274038461538461 0.07451923076923077 0.06129807692307692
0 0.8353365384615384 0.7055288461538461 0.09975961538461539 0.11298076923076923
0 0.9110576923076923 0.7295673076923077 0.04927884615384615 0.14903846153846154