0 0.3293269230769231 0.13341346153846154 0.028846153846153848 0.04567307692307692
0 0.046875 0.3076923076923077 0.025240384615384616 0.056490384615384616
0 0.07451923076923077 0.3173076923076923 0.021634615384615384 0.02283653846153846
0 0.09134615384615384 0.2920673076923077 0.020432692307692308 0.037259615384615384
0 0.08413461538461539 0.3557692307692308 0.05048076923076923 0.038461538461538464
0 0.11899038461538461 0.31009615384615385 0.019230769230769232 0.04807692307692308
0 0.13341346153846154 0.27884615384615385 0.025240384615384616 0.04927884615384615
0 0.14783653846153846 0.3329326923076923 0.036057692307692304 0.06370192307692307
0 0.20072115384615385 0.32211538461538464 0.027644230769230768 0.05048076923076923
0 0.2848557692307692 0.31971153846153844 0.03125 0.03125
0 0.2620192307692308 0.30528846153846156 0.046875 0.03245192307692308
0 0.28125 0.2824519230769231 0.04326923076923077 0.03125
0 0.31971153846153844 0.27524038461538464 0.036057692307692304 0.03485576923076923
0 0.35697115384615385 0.24519230769230768 0.040865384615384616 0.037259615384615384
0 0.4651442307692308 0.19230769230769232 0.042067307692307696 0.054086538461538464
0 0.49278846153846156 0.25841346153846156 0.03245192307692308 0.036057692307692304
0 0.3701923076923077 0.34375 0.03125 0.05048076923076923
0 0.33533653846153844 0.3737980769230769 0.025240384615384616 0.042067307692307696
0 0.2920673076923077 0.38822115384615385 0.030048076923076924 0.03125
0 0.31490384615384615 0.421875 0.04927884615384615 0.04447115384615385
0 0.21033653846153846 0.4411057692307692 0.04447115384615385 0.038461538461538464
0 0.2512019230769231 0.45072115384615385 0.03365384615384615 0.04807692307692308
0 0.17908653846153846 0.4987980769230769 0.06490384615384616 0.051682692307692304
0 0.265625 0.53125 0.052884615384615384 0.04927884615384615
0 0.34375 0.4879807692307692 0.03365384615384615 0.026442307692307692
0 0.37740384615384615 0.4375 0.040865384615384616 0.030048076923076924
0 0.4206730769230769 0.3485576923076923 0.02283653846153846 0.052884615384615384
0 0.47115384615384615 0.31850961538461536 0.027644230769230768 0.051682692307692304
0 0.5168269230769231 0.3737980769230769 0.055288461538461536 0.05889423076923077
0 0.5576923076923077 0.37259615384615385 0.04567307692307692 0.037259615384615384
0 0.6418269230769231 0.328125 0.05048076923076923 0.046875
0 0.4675480769230769 0.5180288461538461 0.055288461538461536 0.038461538461538464
0 0.4567307692307692 0.4879807692307692 0.04927884615384615 0.03485576923076923
0 0.5096153846153846 0.5084134615384616 0.040865384615384616 0.03125
0 0.5420673076923077 0.47596153846153844 0.054086538461538464 0.030048076923076924
0 0.6310096153846154 0.46274038461538464 0.042067307692307696 0.036057692307692304
0 0.6105769230769231 0.43990384615384615 0.07572115384615384 0.04567307692307692
0 0.6682692307692307 0.4735576923076923 0.037259615384615384 0.036057692307692304
0 0.6850961538461539 0.421875 0.042067307692307696 0.03245192307692308
0 0.6790865384615384 0.3858173076923077 0.04927884615384615 0.05048076923076923
0 0.7175480769230769 0.44711538461538464 0.026442307692307692 0.037259615384615384