0 0.08533653846153846 0.5492788461538461 0.0673076923076923 0.1346153846153846
0 0.12259615384615384 0.4951923076923077 0.018028846153846152 0.07692307692307693
0 0.12259615384615384 0.37740384615384615 0.07451923076923077 0.1310096153846154
0 0.1971153846153846 0.09014423076923077 0.125 0.09615384615384616
0 0.3317307692307692 0.1466346153846154 0.0733173076923077 0.06490384615384616
0 0.28966346153846156 0.20793269230769232 0.09254807692307693 0.10096153846153846
0 0.3918269230769231 0.2824519230769231 0.07692307692307693 0.07091346153846154
0 0.30649038461538464 0.359375 0.057692307692307696 0.09014423076923077
0 0.23557692307692307 0.4014423076923077 0.042067307692307696 0.06129807692307692
0 0.21754807692307693 0.5516826923076923 0.07932692307692307 0.13942307692307693
0 0.2704326923076923 0.5637019230769231 0.055288461538461536 0.14423076923076922
0 0.3125 0.5060096153846154 0.04927884615384615 0.09134615384615384
0 0.3269230769230769 0.6141826923076923 0.04927884615384615 0.07932692307692307
0 0.36538461538461536 0.4795673076923077 0.057692307692307696 0.13822115384615385
0 0.2668269230769231 0.47836538461538464 0.04447115384615385 0.06490384615384616
0 0.4963942307692308 0.46153846153846156 0.06009615384615385 0.10336538461538461
0 0.5360576923076923 0.33774038461538464 0.0889423076923077 0.10817307692307693
0 0.5552884615384616 0.5480769230769231 0.06009615384615385 0.1310096153846154
0 0.6394230769230769 0.5829326923076923 0.040865384615384616 0.0733173076923077
0 0.6875 0.2403846153846154 0.052884615384615384 0.13221153846153846
0 0.7572115384615384 0.39903846153846156 0.039663461538461536 0.1658653846153846
0 0.8293269230769231 0.25240384615384615 0.05048076923076923 0.13822115384615385
0 0.9711538461538461 0.4074519230769231 0.057692307692307696 0.17548076923076922
0 0.7596153846153846 0.6911057692307693 0.10817307692307693 0.11778846153846154
0 0.7668269230769231 0.8353365384615384 0.06009615384615385 0.11778846153846154
0 0.8305288461538461 0.8701923076923077 0.025240384615384616 0.0673076923076923