0 0.2403846153846154 0.3112980769230769 0.028846153846153848 0.030048076923076924
0 0.3161057692307692 0.3137019230769231 0.014423076923076924 0.030048076923076924
0 0.3713942307692308 0.33774038461538464 0.02283653846153846 0.03125
0 0.38822115384615385 0.40384615384615385 0.03125 0.028846153846153848
0 0.40865384615384615 0.42908653846153844 0.028846153846153848 0.03125
0 0.5 0.3918269230769231 0.018028846153846152 0.037259615384615384
0 0.5144230769230769 0.4423076923076923 0.015625 0.03365384615384615
0 0.39663461538461536 0.5588942307692307 0.013221153846153846 0.030048076923076924
0 0.19230769230769232 0.625 0.016826923076923076 0.051682692307692304
0 0.15384615384615385 0.5793269230769231 0.028846153846153848 0.036057692307692304
0 0.28725961538461536 0.5685096153846154 0.027644230769230768 0.03485576923076923
0 0.3125 0.5865384615384616 0.025240384615384616 0.038461538461538464
0 0.4026442307692308 0.640625 0.04567307692307692 0.038461538461538464
0 0.4411057692307692 0.6478365384615384 0.027644230769230768 0.03125
0 0.4699519230769231 0.6334134615384616 0.028846153846153848 0.040865384615384616
0 0.4987980769230769 0.6418269230769231 0.020432692307692308 0.025240384615384616
0 0.5360576923076923 0.6346153846153846 0.036057692307692304 0.04567307692307692
0 0.5360576923076923 0.6826923076923077 0.030048076923076924 0.038461538461538464
0 0.5757211538461539 0.5649038461538461 0.02403846153846154 0.051682692307692304
0 0.5889423076923077 0.3701923076923077 0.03125 0.038461538461538464
0 0.4699519230769231 0.32091346153846156 0.02403846153846154 0.026442307692307692
0 0.5709134615384616 0.3088942307692308 0.026442307692307692 0.026442307692307692
0 0.6923076923076923 0.3161057692307692 0.02403846153846154 0.027644230769230768
0 0.6081730769230769 0.3112980769230769 0.018028846153846152 0.03125
0 0.5973557692307693 0.2932692307692308 0.019230769230769232 0.025240384615384616
0 0.6514423076923077 0.32091346153846156 0.021634615384615384 0.02283653846153846
0 0.6346153846153846 0.3088942307692308 0.020432692307692308 0.027644230769230768