0 0.5444711538461539 0.6923076923076923 0.1141826923076923 0.10336538461538461
0 0.484375 0.5769230769230769 0.06490384615384616 0.057692307692307696
0 0.43149038461538464 0.5673076923076923 0.06009615384615385 0.04447115384615385
0 0.37740384615384615 0.5721153846153846 0.04927884615384615 0.04807692307692308
0 0.3581730769230769 0.5564903846153846 0.037259615384615384 0.046875
0 0.29086538461538464 0.4963942307692308 0.04326923076923077 0.046875
0 0.28966346153846156 0.4543269230769231 0.03485576923076923 0.046875
0 0.5216346153846154 0.49158653846153844 0.057692307692307696 0.052884615384615384
0 0.5757211538461539 0.4963942307692308 0.039663461538461536 0.046875
0 0.6394230769230769 0.5252403846153846 0.05048076923076923 0.04326923076923077
0 0.6802884615384616 0.5528846153846154 0.046875 0.04326923076923077
0 0.703125 0.6069711538461539 0.055288461538461536 0.04807692307692308
0 0.7475961538461539 0.5961538461538461 0.06490384615384616 0.042067307692307696
0 0.828125 0.5492788461538461 0.04447115384615385 0.052884615384615384
0 0.7764423076923077 0.5204326923076923 0.042067307692307696 0.04447115384615385
0 0.8870192307692307 0.5817307692307693 0.04326923076923077 0.04447115384615385
0 0.9290865384615384 0.5456730769230769 0.06850961538461539 0.0625
0 0.9459134615384616 0.515625 0.03245192307692308 0.040865384615384616
0 0.1466346153846154 0.5372596153846154 0.02403846153846154 0.040865384615384616
0 0.15865384615384615 0.4963942307692308 0.028846153846153848 0.037259615384615384
0 0.16947115384615385 0.46153846153846156 0.020432692307692308 0.039663461538461536