0 0.06009615384615385 0.6394230769230769 0.03485576923076923 0.04927884615384615
0 0.046875 0.609375 0.038461538461538464 0.054086538461538464
0 0.13822115384615385 0.6334134615384616 0.04567307692307692 0.04927884615384615
0 0.11778846153846154 0.6081730769230769 0.030048076923076924 0.03125
0 0.15625 0.5985576923076923 0.04326923076923077 0.054086538461538464
0 0.4014423076923077 0.3545673076923077 0.030048076923076924 0.03365384615384615
0 0.4266826923076923 0.35697115384615385 0.03485576923076923 0.03245192307692308
0 0.4483173076923077 0.35096153846153844 0.014423076923076924 0.019230769230769232
0 0.2800480769230769 0.7752403846153846 0.04326923076923077 0.0733173076923077
0 0.48197115384615385 0.7860576923076923 0.04927884615384615 0.052884615384615384
0 0.5661057692307693 0.8341346153846154 0.07692307692307693 0.09134615384615384
0 0.6838942307692307 0.8125 0.056490384615384616 0.05889423076923077
0 0.8052884615384616 0.7307692307692307 0.021634615384615384 0.052884615384615384
0 0.8846153846153846 0.6225961538461539 0.04447115384615385 0.04447115384615385
0 0.9362980769230769 0.6971153846153846 0.042067307692307696 0.054086538461538464
0 0.7127403846153846 0.6033653846153846 0.019230769230769232 0.03245192307692308
0 0.30528846153846156 0.6923076923076923 0.046875 0.08052884615384616
0 0.34615384615384615 0.7139423076923077 0.020432692307692308 0.04447115384615385
0 0.3641826923076923 0.6706730769230769 0.028846153846153848 0.06850961538461539
0 0.3449519230769231 0.6358173076923077 0.027644230769230768 0.06370192307692307
0 0.4050480769230769 0.671875 0.037259615384615384 0.046875
0 0.4182692307692308 0.7079326923076923 0.028846153846153848 0.0673076923076923
0 0.4543269230769231 0.6682692307692307 0.040865384615384616 0.055288461538461536
0 0.5168269230769231 0.6935096153846154 0.03365384615384615 0.056490384615384616
0 0.5300480769230769 0.6466346153846154 0.04326923076923077 0.054086538461538464
0 0.5829326923076923 0.7295673076923077 0.052884615384615384 0.06370192307692307
0 0.6298076923076923 0.703125 0.036057692307692304 0.06370192307692307
0 0.6514423076923077 0.7007211538461539 0.021634615384615384 0.05048076923076923
0 0.6887019230769231 0.6850961538461539 0.05048076923076923 0.05889423076923077