0 0.10576923076923077 0.22355769230769232 0.10096153846153846 0.08173076923076923
0 0.07451923076923077 0.2860576923076923 0.09134615384615384 0.056490384615384616
0 0.33533653846153844 0.21634615384615385 0.0625 0.07211538461538461
0 0.6358173076923077 0.2608173076923077 0.05889423076923077 0.07572115384615384
0 0.5841346153846154 0.26802884615384615 0.03365384615384615 0.04927884615384615
0 0.3701923076923077 0.4110576923076923 0.09134615384615384 0.09615384615384616
0 0.3161057692307692 0.41586538461538464 0.03365384615384615 0.046875
0 0.2692307692307692 0.45552884615384615 0.09014423076923077 0.06370192307692307
0 0.2091346153846154 0.43149038461538464 0.06610576923076923 0.07451923076923077
0 0.13942307692307693 0.43149038461538464 0.06129807692307692 0.0673076923076923
0 0.3137019230769231 0.5925480769230769 0.09975961538461539 0.09495192307692307
0 0.7295673076923077 0.6694711538461539 0.0889423076923077 0.0889423076923077
0 0.8341346153846154 0.6286057692307693 0.06971153846153846 0.06610576923076923
0 0.8341346153846154 0.7055288461538461 0.09254807692307693 0.11538461538461539
0 0.9098557692307693 0.6983173076923077 0.052884615384615384 0.08052884615384616