0 0.9435096153846154 0.21394230769230768 0.04807692307692308 0.057692307692307696
0 0.8485576923076923 0.3545673076923077 0.055288461538461536 0.06009615384615385
0 0.5877403846153846 0.36658653846153844 0.04447115384615385 0.054086538461538464
0 0.5516826923076923 0.4026442307692308 0.040865384615384616 0.06490384615384616
0 0.5084134615384616 0.41346153846153844 0.039663461538461536 0.04326923076923077
0 0.4735576923076923 0.4326923076923077 0.04326923076923077 0.054086538461538464
0 0.45552884615384615 0.5036057692307693 0.03125 0.036057692307692304
0 0.39302884615384615 0.47596153846153844 0.030048076923076924 0.04326923076923077
0 0.328125 0.49759615384615385 0.055288461538461536 0.04567307692307692
0 0.3173076923076923 0.6286057692307693 0.046875 0.04447115384615385
0 0.32572115384615385 0.6790865384615384 0.055288461538461536 0.04447115384615385
0 0.3798076923076923 0.7007211538461539 0.0625 0.03125
0 0.39663461538461536 0.6670673076923077 0.042067307692307696 0.037259615384615384
0 0.4182692307692308 0.6177884615384616 0.039663461538461536 0.03365384615384615
0 0.4651442307692308 0.6105769230769231 0.055288461538461536 0.03485576923076923
0 0.5540865384615384 0.5853365384615384 0.055288461538461536 0.055288461538461536
0 0.4411057692307692 0.6538461538461539 0.06370192307692307 0.039663461538461536
0 0.49278846153846156 0.6514423076923077 0.057692307692307696 0.05048076923076923