0 0.09975961538461539 0.5264423076923077 0.09375 0.1045673076923077
0 0.16105769230769232 0.44591346153846156 0.06490384615384616 0.109375
0 0.4987980769230769 0.4543269230769231 0.056490384615384616 0.10697115384615384
0 0.49759615384615385 0.33774038461538464 0.04927884615384615 0.09615384615384616
0 0.5276442307692307 0.25961538461538464 0.06009615384615385 0.06129807692307692
0 0.6009615384615384 0.3629807692307692 0.04567307692307692 0.08052884615384616
0 0.6346153846153846 0.40625 0.0733173076923077 0.055288461538461536
0 0.7259615384615384 0.3581730769230769 0.08173076923076923 0.06490384615384616
0 0.8040865384615384 0.20793269230769232 0.0625 0.055288461538461536
0 0.43028846153846156 0.7331730769230769 0.08653846153846154 0.08413461538461539
0 0.5625 0.8088942307692307 0.1346153846153846 0.10096153846153846