0 0.5492788461538461 0.6947115384615384 0.10336538461538461 0.09735576923076923
0 0.484375 0.5745192307692307 0.06490384615384616 0.057692307692307696
0 0.4338942307692308 0.5649038461538461 0.04447115384615385 0.040865384615384616
0 0.3581730769230769 0.5697115384615384 0.0733173076923077 0.06129807692307692
0 0.2932692307692308 0.4963942307692308 0.051682692307692304 0.036057692307692304
0 0.28125 0.45913461538461536 0.03485576923076923 0.03245192307692308
0 0.5168269230769231 0.49278846153846156 0.06009615384615385 0.046875
0 0.5805288461538461 0.5 0.04447115384615385 0.042067307692307696
0 0.6358173076923077 0.5264423076923077 0.04326923076923077 0.037259615384615384
0 0.6766826923076923 0.5576923076923077 0.036057692307692304 0.04447115384615385
0 0.7043269230769231 0.6105769230769231 0.06009615384615385 0.051682692307692304
0 0.7427884615384616 0.5877403846153846 0.04567307692307692 0.037259615384615384
0 0.8245192307692307 0.5504807692307693 0.039663461538461536 0.057692307692307696
0 0.8870192307692307 0.5865384615384616 0.04447115384615385 0.056490384615384616
0 0.921875 0.5516826923076923 0.06129807692307692 0.06610576923076923
0 0.9495192307692307 0.5084134615384616 0.03245192307692308 0.04927884615384615
0 0.15264423076923078 0.53125 0.02283653846153846 0.030048076923076924
0 0.1658653846153846 0.46033653846153844 0.014423076923076924 0.028846153846153848
0 0.1658653846153846 0.5 0.040865384615384616 0.025240384615384616