0 0.18028846153846154 0.5504807692307693 0.17908653846153846 0.11899038461538461
0 0.23076923076923078 0.5072115384615384 0.11658653846153846 0.08173076923076923
0 0.28125 0.4807692307692308 0.11899038461538461 0.109375
0 0.2536057692307692 0.3798076923076923 0.13581730769230768 0.12620192307692307
0 0.3894230769230769 0.44471153846153844 0.09014423076923077 0.0889423076923077
0 0.4651442307692308 0.5985576923076923 0.11177884615384616 0.171875
0 0.3870192307692308 0.546875 0.040865384615384616 0.06610576923076923
0 0.5036057692307693 0.5084134615384616 0.09495192307692307 0.1310096153846154
0 0.44471153846153844 0.24278846153846154 0.037259615384615384 0.1310096153846154
0 0.5096153846153846 0.3125 0.10336538461538461 0.14302884615384615
0 0.6310096153846154 0.40384615384615385 0.06009615384615385 0.09615384615384616
0 0.6394230769230769 0.47475961538461536 0.036057692307692304 0.06370192307692307
0 0.7151442307692307 0.5252403846153846 0.125 0.1778846153846154