0 0.390625 0.7716346153846154 0.054086538461538464 0.078125
0 0.4639423076923077 0.7836538461538461 0.051682692307692304 0.056490384615384616
0 0.5204326923076923 0.7487980769230769 0.056490384615384616 0.07692307692307693
0 0.5769230769230769 0.7211538461538461 0.042067307692307696 0.056490384615384616
0 0.44350961538461536 0.7151442307692307 0.06490384615384616 0.057692307692307696
0 0.5300480769230769 0.6790865384615384 0.057692307692307696 0.06490384615384616
0 0.6478365384615384 0.6418269230769231 0.06129807692307692 0.06971153846153846
0 0.6802884615384616 0.609375 0.036057692307692304 0.04326923076923077
0 0.49278846153846156 0.5805288461538461 0.09495192307692307 0.039663461538461536
0 0.5108173076923077 0.5528846153846154 0.052884615384615384 0.021634615384615384
0 0.34134615384615385 0.5204326923076923 0.0733173076923077 0.0673076923076923
0 0.3425480769230769 0.4699519230769231 0.042067307692307696 0.04447115384615385
0 0.390625 0.4963942307692308 0.054086538461538464 0.046875
0 0.46875 0.49278846153846156 0.07692307692307693 0.057692307692307696
0 0.6081730769230769 0.46153846153846156 0.07091346153846154 0.038461538461538464
0 0.8112980769230769 0.4723557692307692 0.13581730769230768 0.052884615384615384
0 0.8112980769230769 0.40865384615384615 0.11298076923076923 0.036057692307692304
0 0.8846153846153846 0.3701923076923077 0.05048076923076923 0.03485576923076923
0 0.9146634615384616 0.3329326923076923 0.056490384615384616 0.039663461538461536
0 0.8173076923076923 0.34375 0.078125 0.04807692307692308
0 0.7175480769230769 0.35697115384615385 0.06009615384615385 0.046875
0 0.5889423076923077 0.39903846153846156 0.08173076923076923 0.046875
0 0.2848557692307692 0.41466346153846156 0.1045673076923077 0.04447115384615385
0 0.3786057692307692 0.38822115384615385 0.06009615384615385 0.03245192307692308
0 0.4326923076923077 0.34134615384615385 0.08533653846153846 0.038461538461538464
0 0.4543269230769231 0.27524038461538464 0.06850961538461539 0.03125
0 0.5456730769230769 0.3137019230769231 0.04447115384615385 0.030048076923076924
0 0.6201923076923077 0.29927884615384615 0.055288461538461536 0.02403846153846154
0 0.6838942307692307 0.2920673076923077 0.06490384615384616 0.038461538461538464
0 0.6706730769230769 0.24639423076923078 0.040865384615384616 0.026442307692307692
0 0.9651442307692307 0.2824519230769231 0.056490384615384616 0.038461538461538464