0 0.40384615384615385 0.12139423076923077 0.24879807692307693 0.10216346153846154
0 0.4182692307692308 0.15865384615384615 0.10697115384615384 0.04567307692307692
0 0.5144230769230769 0.1814903846153846 0.15264423076923078 0.04567307692307692
0 0.8401442307692307 0.19110576923076922 0.22956730769230768 0.10216346153846154
0 0.5240384615384616 0.24158653846153846 0.2764423076923077 0.10336538461538461
0 0.3389423076923077 0.28365384615384615 0.19471153846153846 0.09014423076923077
0 0.42427884615384615 0.3389423076923077 0.14543269230769232 0.0889423076923077
0 0.6201923076923077 0.33774038461538464 0.19951923076923078 0.10817307692307693
0 0.2512019230769231 0.36899038461538464 0.1875 0.10697115384615384
0 0.2776442307692308 0.45072115384615385 0.1502403846153846 0.09134615384615384
0 0.49158653846153844 0.4254807692307692 0.18629807692307693 0.08173076923076923
0 0.6358173076923077 0.515625 0.25961538461538464 0.09134615384615384
0 0.41586538461538464 0.5841346153846154 0.21033653846153846 0.0673076923076923
0 0.3954326923076923 0.6754807692307693 0.3713942307692308 0.15625
0 0.7487980769230769 0.6418269230769231 0.3016826923076923 0.1466346153846154
0 0.6814903846153846 0.5805288461538461 0.18389423076923078 0.0733173076923077