0 0.13221153846153846 0.42908653846153844 0.056490384615384616 0.11538461538461539
0 0.3112980769230769 0.7139423076923077 0.06009615384615385 0.1045673076923077
0 0.33052884615384615 0.6033653846153846 0.04447115384615385 0.0673076923076923
0 0.31850961538461536 0.5132211538461539 0.040865384615384616 0.056490384615384616
0 0.31009615384615385 0.3858173076923077 0.08052884615384616 0.07572115384615384
0 0.33533653846153844 0.45072115384615385 0.03485576923076923 0.039663461538461536
0 0.40625 0.5036057692307693 0.051682692307692304 0.07451923076923077
0 0.45072115384615385 0.44350961538461536 0.055288461538461536 0.09254807692307693
0 0.5108173076923077 0.41225961538461536 0.0733173076923077 0.08533653846153846
0 0.5384615384615384 0.5168269230769231 0.06009615384615385 0.08052884615384616
0 0.6153846153846154 0.5576923076923077 0.05048076923076923 0.036057692307692304
0 0.7439903846153846 0.5745192307692307 0.04447115384615385 0.07692307692307693
0 0.7644230769230769 0.5 0.04447115384615385 0.07692307692307693
0 0.8173076923076923 0.5372596153846154 0.046875 0.078125
0 0.9002403846153846 0.5444711538461539 0.0733173076923077 0.08173076923076923
0 0.8798076923076923 0.47596153846153844 0.06370192307692307 0.06129807692307692
0 0.8173076923076923 0.44350961538461536 0.04927884615384615 0.06490384615384616
0 0.7800480769230769 0.4026442307692308 0.03365384615384615 0.06610576923076923
0 0.7439903846153846 0.42908653846153844 0.04447115384615385 0.08533653846153846
0 0.7680288461538461 0.3629807692307692 0.04807692307692308 0.07692307692307693
0 0.7307692307692307 0.33052884615384615 0.025240384615384616 0.056490384615384616
0 0.6947115384615384 0.28725961538461536 0.04927884615384615 0.07692307692307693
0 0.6057692307692307 0.21875 0.038461538461538464 0.10336538461538461
0 0.5348557692307693 0.15384615384615385 0.03245192307692308 0.057692307692307696
0 0.5168269230769231 0.12379807692307693 0.05048076923076923 0.04927884615384615
0 0.5901442307692307 0.12259615384615384 0.04927884615384615 0.07932692307692307
0 0.6141826923076923 0.0733173076923077 0.06370192307692307 0.078125