0 0.3329326923076923 0.4074519230769231 0.04567307692307692 0.04927884615384615
0 0.31490384615384615 0.27163461538461536 0.054086538461538464 0.0673076923076923
0 0.35336538461538464 0.2764423076923077 0.019230769230769232 0.03245192307692308
0 0.36899038461538464 0.28125 0.018028846153846152 0.019230769230769232
0 0.39663461538461536 0.2800480769230769 0.030048076923076924 0.042067307692307696
0 0.43509615384615385 0.28725961538461536 0.03485576923076923 0.05048076923076923
0 0.47836538461538464 0.3137019230769231 0.04326923076923077 0.06610576923076923
0 0.5252403846153846 0.34975961538461536 0.036057692307692304 0.04927884615384615
0 0.5625 0.3762019230769231 0.026442307692307692 0.046875
0 0.6418269230769231 0.41586538461538464 0.054086538461538464 0.0673076923076923
0 0.7487980769230769 0.46875 0.07211538461538461 0.08413461538461539