0 0.31009615384615385 0.2247596153846154 0.05048076923076923 0.06850961538461539
0 0.2403846153846154 0.3858173076923077 0.09014423076923077 0.06129807692307692
0 0.3401442307692308 0.421875 0.07932692307692307 0.055288461538461536
0 0.38822115384615385 0.3858173076923077 0.03365384615384615 0.056490384615384616
0 0.42908653846153844 0.41466346153846156 0.05889423076923077 0.04447115384615385
0 0.42427884615384615 0.33052884615384615 0.06610576923076923 0.06850961538461539
0 0.8665865384615384 0.23317307692307693 0.03365384615384615 0.052884615384615384
0 0.890625 0.14543269230769232 0.036057692307692304 0.038461538461538464
0 0.9338942307692307 0.03365384615384615 0.038461538461538464 0.039663461538461536
0 0.9459134615384616 0.1466346153846154 0.030048076923076924 0.028846153846153848
0 0.4110576923076923 0.49278846153846156 0.09735576923076923 0.07692307692307693
0 0.3076923076923077 0.6862980769230769 0.10096153846153846 0.0625
0 0.2620192307692308 0.7680288461538461 0.07451923076923077 0.06971153846153846
0 0.3713942307692308 0.7728365384615384 0.11899038461538461 0.078125
0 0.6262019230769231 0.7223557692307693 0.03485576923076923 0.1045673076923077
0 0.6971153846153846 0.6658653846153846 0.06610576923076923 0.10336538461538461