0 0.02283653846153846 0.10697115384615384 0.03485576923076923 0.06610576923076923
0 0.09254807692307693 0.14543269230769232 0.02283653846153846 0.03365384615384615
0 0.12379807692307693 0.11899038461538461 0.040865384615384616 0.036057692307692304
0 0.16947115384615385 0.06971153846153846 0.028846153846153848 0.05048076923076923
0 0.26322115384615385 0.07932692307692307 0.036057692307692304 0.051682692307692304
0 0.33653846153846156 0.0625 0.03245192307692308 0.06850961538461539
0 0.2536057692307692 0.13341346153846154 0.042067307692307696 0.039663461538461536
0 0.26802884615384615 0.21634615384615385 0.030048076923076924 0.04927884615384615
0 0.38341346153846156 0.3641826923076923 0.04567307692307692 0.08173076923076923
0 0.8545673076923077 0.2283653846153846 0.0733173076923077 0.06610576923076923
0 0.9086538461538461 0.19230769230769232 0.02403846153846154 0.051682692307692304
0 0.44471153846153844 0.42427884615384615 0.046875 0.0673076923076923
0 0.3798076923076923 0.49399038461538464 0.04326923076923077 0.05889423076923077
0 0.41947115384615385 0.49038461538461536 0.052884615384615384 0.051682692307692304
0 0.53125 0.5949519230769231 0.06129807692307692 0.07572115384615384
0 0.8305288461538461 0.7079326923076923 0.11177884615384616 0.08413461538461539