0 0.042067307692307696 0.10096153846153846 0.037259615384615384 0.055288461538461536
0 0.03125 0.15264423076923078 0.018028846153846152 0.037259615384615384
0 0.016826923076923076 0.2860576923076923 0.03245192307692308 0.0625
0 0.0733173076923077 0.32572115384615385 0.08533653846153846 0.0829326923076923
0 0.1935096153846154 0.30528846153846156 0.07211538461538461 0.06370192307692307
0 0.19591346153846154 0.359375 0.06129807692307692 0.0673076923076923
0 0.25600961538461536 0.4483173076923077 0.08052884615384616 0.056490384615384616
0 0.2932692307692308 0.3629807692307692 0.06850961538461539 0.06009615384615385
0 0.3293269230769231 0.2932692307692308 0.06009615384615385 0.055288461538461536
0 0.40625 0.3112980769230769 0.06490384615384616 0.051682692307692304
0 0.36899038461538464 0.3954326923076923 0.08413461538461539 0.0889423076923077
0 0.3713942307692308 0.5721153846153846 0.09375 0.06490384615384616
0 0.4423076923076923 0.5396634615384616 0.08173076923076923 0.04927884615384615
0 0.5144230769230769 0.5048076923076923 0.057692307692307696 0.07932692307692307
0 0.5336538461538461 0.4483173076923077 0.04807692307692308 0.05048076923076923
0 0.49158653846153844 0.4206730769230769 0.04927884615384615 0.0625
0 0.47596153846153844 0.30528846153846156 0.05048076923076923 0.05048076923076923
0 0.5384615384615384 0.3112980769230769 0.05889423076923077 0.04567307692307692
0 0.5757211538461539 0.3485576923076923 0.078125 0.06129807692307692
0 0.5889423076923077 0.40625 0.09615384615384616 0.07451923076923077
0 0.7283653846153846 0.36778846153846156 0.10096153846153846 0.08774038461538461
0 0.5396634615384616 0.578125 0.04447115384615385 0.05889423076923077
0 0.5480769230769231 0.6153846153846154 0.06129807692307692 0.042067307692307696
0 0.6081730769230769 0.6117788461538461 0.078125 0.08774038461538461
0 0.7439903846153846 0.6478365384615384 0.0625 0.0625
0 0.8641826923076923 0.6959134615384616 0.09254807692307693 0.09254807692307693