0 0.14783653846153846 0.4963942307692308 0.07572115384615384 0.07572115384615384
0 0.20072115384615385 0.5228365384615384 0.037259615384615384 0.04447115384615385
0 0.24278846153846154 0.5408653846153846 0.06850961538461539 0.07091346153846154
0 0.2824519230769231 0.4567307692307692 0.06129807692307692 0.05889423076923077
0 0.3641826923076923 0.47475961538461536 0.05889423076923077 0.056490384615384616
0 0.34615384615384615 0.5420673076923077 0.0673076923076923 0.051682692307692304
0 0.40625 0.53125 0.046875 0.06370192307692307
0 0.4651442307692308 0.5685096153846154 0.078125 0.055288461538461536
0 0.4495192307692308 0.43509615384615385 0.036057692307692304 0.06850961538461539
0 0.5637019230769231 0.5600961538461539 0.055288461538461536 0.06850961538461539
0 0.5060096153846154 0.5372596153846154 0.037259615384615384 0.051682692307692304
0 0.5432692307692307 0.5084134615384616 0.039663461538461536 0.038461538461538464
0 0.5420673076923077 0.48677884615384615 0.027644230769230768 0.04447115384615385
0 0.5564903846153846 0.4579326923076923 0.04447115384615385 0.036057692307692304
0 0.5745192307692307 0.4074519230769231 0.046875 0.04567307692307692
0 0.5829326923076923 0.53125 0.046875 0.042067307692307696
0 0.6490384615384616 0.3605769230769231 0.038461538461538464 0.05048076923076923
0 0.7067307692307693 0.3173076923076923 0.05889423076923077 0.07932692307692307
0 0.8064903846153846 0.33052884615384615 0.07091346153846154 0.078125
0 0.8137019230769231 0.2800480769230769 0.018028846153846152 0.05048076923076923
0 0.8762019230769231 0.33413461538461536 0.042067307692307696 0.046875
0 0.8774038461538461 0.28846153846153844 0.051682692307692304 0.046875
0 0.7379807692307693 0.4050480769230769 0.0829326923076923 0.03365384615384615
0 0.7451923076923077 0.4411057692307692 0.04807692307692308 0.04567307692307692
0 0.6875 0.44350961538461536 0.054086538461538464 0.04326923076923077
0 0.6334134615384616 0.46875 0.055288461538461536 0.057692307692307696
0 0.6983173076923077 0.49158653846153844 0.04326923076923077 0.056490384615384616
0 0.6502403846153846 0.5480769230769231 0.07932692307692307 0.078125
0 0.8161057692307693 0.5552884615384616 0.046875 0.07572115384615384