0 0.12740384615384615 0.5240384615384616 0.14543269230769232 0.14783653846153846
0 0.15264423076923078 0.4014423076923077 0.08533653846153846 0.1045673076923077
0 0.4831730769230769 0.47596153846153844 0.06009615384615385 0.109375
0 0.47716346153846156 0.4110576923076923 0.0889423076923077 0.09014423076923077
0 0.578125 0.4326923076923077 0.08052884615384616 0.13581730769230768
0 0.6947115384615384 0.36899038461538464 0.04447115384615385 0.0889423076923077
0 0.7043269230769231 0.33774038461538464 0.0985576923076923 0.0889423076923077
0 0.7620192307692307 0.4831730769230769 0.0985576923076923 0.125
0 0.75 0.4411057692307692 0.125 0.09134615384615384
0 0.7884615384615384 0.38221153846153844 0.06490384615384616 0.11057692307692307
0 0.9447115384615384 0.5829326923076923 0.0625 0.15144230769230768