0 0.13822115384615385 0.4831730769230769 0.054086538461538464 0.07692307692307693
0 0.44471153846153844 0.6129807692307693 0.09735576923076923 0.08533653846153846
0 0.4387019230769231 0.5480769230769231 0.07932692307692307 0.06009615384615385
0 0.5600961538461539 0.46153846153846156 0.08533653846153846 0.09254807692307693
0 0.546875 0.6225961538461539 0.06009615384615385 0.09975961538461539
0 0.5949519230769231 0.5841346153846154 0.04807692307692308 0.1045673076923077
0 0.6622596153846154 0.5516826923076923 0.06009615384615385 0.0889423076923077
0 0.6682692307692307 0.6538461538461539 0.057692307692307696 0.08774038461538461
0 0.7355769230769231 0.6225961538461539 0.04807692307692308 0.07932692307692307
0 0.7536057692307693 0.7103365384615384 0.04807692307692308 0.09254807692307693
0 0.8125 0.5276442307692307 0.10096153846153846 0.09615384615384616