0 0.5300480769230769 0.43149038461538464 0.039663461538461536 0.056490384615384616
0 0.6322115384615384 0.3737980769230769 0.046875 0.040865384615384616
0 0.7536057692307693 0.3858173076923077 0.026442307692307692 0.036057692307692304
0 0.7451923076923077 0.24759615384615385 0.020432692307692308 0.04567307692307692
0 0.6814903846153846 0.4050480769230769 0.018028846153846152 0.026442307692307692
0 0.6778846153846154 0.38100961538461536 0.015625 0.030048076923076924
0 0.6682692307692307 0.6538461538461539 0.03485576923076923 0.04567307692307692
0 0.6935096153846154 0.8076923076923077 0.03485576923076923 0.05048076923076923
0 0.8521634615384616 0.7283653846153846 0.03245192307692308 0.040865384615384616
0 0.8557692307692307 0.6959134615384616 0.046875 0.04447115384615385
0 0.8966346153846154 0.7283653846153846 0.028846153846153848 0.052884615384615384
0 0.9290865384615384 0.8076923076923077 0.03485576923076923 0.06370192307692307