0 0.14423076923076922 0.5300480769230769 0.14302884615384615 0.16826923076923078
0 0.14302884615384615 0.41225961538461536 0.08774038461538461 0.10697115384615384
0 0.47596153846153844 0.47475961538461536 0.07451923076923077 0.125
0 0.47115384615384615 0.39783653846153844 0.09014423076923077 0.10096153846153846
0 0.5757211538461539 0.4483173076923077 0.11177884615384616 0.14783653846153846
0 0.9447115384615384 0.5793269230769231 0.0625 0.16346153846153846
0 0.7776442307692307 0.49399038461538464 0.10697115384615384 0.14302884615384615
0 0.7560096153846154 0.4338942307692308 0.15625 0.09134615384615384
0 0.7007211538461539 0.3701923076923077 0.04447115384615385 0.09735576923076923
0 0.7752403846153846 0.375 0.07451923076923077 0.07451923076923077
0 0.7115384615384616 0.3329326923076923 0.11298076923076923 0.10576923076923077