0 0.12740384615384615 0.25841346153846156 0.07572115384615384 0.07932692307692307
0 0.6754807692307693 0.14182692307692307 0.04927884615384615 0.06850961538461539
0 0.125 0.3737980769230769 0.038461538461538464 0.06370192307692307
0 0.23557692307692307 0.5 0.056490384615384616 0.07451923076923077
0 0.27403846153846156 0.7199519230769231 0.09134615384615384 0.0889423076923077
0 0.39302884615384615 0.6310096153846154 0.051682692307692304 0.07932692307692307
0 0.4026442307692308 0.4951923076923077 0.06971153846153846 0.09375
0 0.44711538461538464 0.6141826923076923 0.052884615384615384 0.046875
0 0.47716346153846156 0.6646634615384616 0.0625 0.05889423076923077
0 0.5805288461538461 0.5372596153846154 0.038461538461538464 0.06490384615384616
0 0.6298076923076923 0.5168269230769231 0.04927884615384615 0.08533653846153846
0 0.6117788461538461 0.6382211538461539 0.040865384615384616 0.06129807692307692
0 0.7127403846153846 0.5204326923076923 0.06009615384615385 0.07572115384615384
0 0.7848557692307693 0.5396634615384616 0.09975961538461539 0.06610576923076923
0 0.7728365384615384 0.6141826923076923 0.046875 0.052884615384615384
0 0.9711538461538461 0.5336538461538461 0.039663461538461536 0.06971153846153846