0 0.45913461538461536 0.4579326923076923 0.013221153846153846 0.030048076923076924
0 0.47716346153846156 0.46274038461538464 0.01201923076923077 0.02403846153846154
0 0.48677884615384615 0.4651442307692308 0.013221153846153846 0.020432692307692308
0 0.4987980769230769 0.46875 0.008413461538461538 0.015625
0 0.5048076923076923 0.46274038461538464 0.013221153846153846 0.02403846153846154
0 0.5108173076923077 0.46875 0.014423076923076924 0.019230769230769232
0 0.5264423076923077 0.4579326923076923 0.021634615384615384 0.016826923076923076
0 0.5228365384615384 0.4699519230769231 0.009615384615384616 0.020432692307692308
0 0.5444711538461539 0.46875 0.01201923076923077 0.021634615384615384
0 0.59375 0.47475961538461536 0.02403846153846154 0.028846153846153848
0 0.5336538461538461 0.4675480769230769 0.008413461538461538 0.016826923076923076