0 0.5673076923076923 0.19951923076923078 0.08533653846153846 0.06129807692307692
0 0.5204326923076923 0.25721153846153844 0.08052884615384616 0.04927884615384615
0 0.515625 0.3016826923076923 0.039663461538461536 0.02403846153846154
0 0.47716346153846156 0.328125 0.028846153846153848 0.028846153846153848
0 0.5168269230769231 0.33653846153846156 0.05889423076923077 0.04927884615384615
0 0.5528846153846154 0.37259615384615385 0.07211538461538461 0.040865384615384616
0 0.48197115384615385 0.3786057692307692 0.04326923076923077 0.037259615384615384
0 0.41947115384615385 0.42427884615384615 0.046875 0.054086538461538464
0 0.3713942307692308 0.47475961538461536 0.04567307692307692 0.04567307692307692
0 0.33653846153846156 0.5012019230769231 0.04326923076923077 0.039663461538461536
0 0.49038461538461536 0.4338942307692308 0.06370192307692307 0.04567307692307692
0 0.5528846153846154 0.42788461538461536 0.04567307692307692 0.06009615384615385
0 0.44591346153846156 0.49278846153846156 0.06490384615384616 0.054086538461538464
0 0.5048076923076923 0.49278846153846156 0.038461538461538464 0.028846153846153848
0 0.5132211538461539 0.5240384615384616 0.057692307692307696 0.046875
0 0.5300480769230769 0.5709134615384616 0.07211538461538461 0.040865384615384616
0 0.5360576923076923 0.6262019230769231 0.04927884615384615 0.04447115384615385
0 0.6935096153846154 0.6418269230769231 0.0733173076923077 0.0733173076923077