0 0.11899038461538461 0.234375 0.06129807692307692 0.056490384615384616
0 0.057692307692307696 0.2608173076923077 0.057692307692307696 0.052884615384615384
0 0.3425480769230769 0.23317307692307693 0.054086538461538464 0.04927884615384615
0 0.29927884615384615 0.02403846153846154 0.026442307692307692 0.037259615384615384
0 0.21634615384615385 0.42427884615384615 0.051682692307692304 0.06129807692307692
0 0.171875 0.6550480769230769 0.0625 0.07692307692307693
0 0.21995192307692307 0.6189903846153846 0.025240384615384616 0.052884615384615384
0 0.2439903846153846 0.5793269230769231 0.03485576923076923 0.04807692307692308
0 0.25721153846153844 0.6430288461538461 0.03125 0.03485576923076923
0 0.3233173076923077 0.6165865384615384 0.04927884615384615 0.056490384615384616
0 0.3233173076923077 0.515625 0.042067307692307696 0.06009615384615385
0 0.359375 0.5384615384615384 0.04807692307692308 0.04807692307692308
0 0.36538461538461536 0.6033653846153846 0.03245192307692308 0.04567307692307692
0 0.39302884615384615 0.5829326923076923 0.036057692307692304 0.09735576923076923
0 0.4387019230769231 0.5865384615384616 0.04447115384615385 0.07211538461538461
0 0.4855769230769231 0.6454326923076923 0.056490384615384616 0.0625
0 0.6117788461538461 0.578125 0.036057692307692304 0.08173076923076923
0 0.6911057692307693 0.5516826923076923 0.042067307692307696 0.06610576923076923
0 0.6117788461538461 0.4987980769230769 0.01201923076923077 0.039663461538461536
0 0.5853365384615384 0.45552884615384615 0.028846153846153848 0.0625
0 0.5637019230769231 0.3954326923076923 0.03125 0.04447115384615385
0 0.5853365384615384 0.4026442307692308 0.021634615384615384 0.039663461538461536
0 0.6454326923076923 0.41466346153846156 0.042067307692307696 0.052884615384615384
0 0.6802884615384616 0.4182692307692308 0.021634615384615384 0.04807692307692308
0 0.9519230769230769 0.22115384615384615 0.028846153846153848 0.055288461538461536