0 0.17427884615384615 0.7884615384615384 0.125 0.12980769230769232
0 0.27163461538461536 0.8040865384615384 0.1045673076923077 0.07091346153846154
0 0.2956730769230769 0.7632211538461539 0.11899038461538461 0.0889423076923077
0 0.3329326923076923 0.7151442307692307 0.12620192307692307 0.1201923076923077
0 0.24759615384615385 0.7007211538461539 0.08173076923076923 0.07211538461538461
0 0.1935096153846154 0.6430288461538461 0.17427884615384615 0.1310096153846154
0 0.3233173076923077 0.6262019230769231 0.13221153846153846 0.11298076923076923
0 0.1310096153846154 0.5540865384615384 0.11899038461538461 0.12259615384615384
0 0.037259615384615384 0.6021634615384616 0.051682692307692304 0.08653846153846154
0 0.22355769230769232 0.5540865384615384 0.0673076923076923 0.06971153846153846
0 0.2283653846153846 0.46634615384615385 0.10817307692307693 0.09975961538461539
0 0.12740384615384615 0.40865384615384615 0.12740384615384615 0.10216346153846154
0 0.11057692307692307 0.27163461538461536 0.16105769230769232 0.078125
0 0.11778846153846154 0.33653846153846156 0.09134615384615384 0.06610576923076923
0 0.2536057692307692 0.3557692307692308 0.13221153846153846 0.11298076923076923
0 0.22235576923076922 0.29927884615384615 0.10817307692307693 0.08173076923076923
0 0.296875 0.2608173076923077 0.11177884615384616 0.09014423076923077
0 0.12980769230769232 0.18389423076923078 0.09014423076923077 0.09975961538461539
0 0.21394230769230768 0.16947115384615385 0.0625 0.07692307692307693
0 0.3161057692307692 0.1622596153846154 0.10216346153846154 0.09014423076923077
0 0.43990384615384615 0.1310096153846154 0.10697115384615384 0.08774038461538461
0 0.42908653846153844 0.25961538461538464 0.11899038461538461 0.10336538461538461
0 0.36778846153846156 0.3557692307692308 0.07572115384615384 0.054086538461538464
0 0.375 0.44591346153846156 0.10817307692307693 0.07692307692307693
0 0.3762019230769231 0.5420673076923077 0.0829326923076923 0.06129807692307692
0 0.5300480769230769 0.71875 0.13822115384615385 0.11057692307692307
0 0.5288461538461539 0.6514423076923077 0.09975961538461539 0.0733173076923077
0 0.49759615384615385 0.5637019230769231 0.16105769230769232 0.1466346153846154
0 0.6334134615384616 0.6358173076923077 0.12259615384615384 0.09134615384615384
0 0.6646634615384616 0.7403846153846154 0.08533653846153846 0.04927884615384615
0 0.7932692307692307 0.7391826923076923 0.140625 0.12620192307692307
0 0.7932692307692307 0.6550480769230769 0.08653846153846154 0.09134615384615384
0 0.8509615384615384 0.6057692307692307 0.11538461538461539 0.0985576923076923
0 0.9014423076923077 0.5661057692307693 0.11899038461538461 0.08173076923076923
0 0.7127403846153846 0.5336538461538461 0.12259615384615384 0.1201923076923077
0 0.6802884615384616 0.39663461538461536 0.13581730769230768 0.11177884615384616
0 0.5336538461538461 0.4206730769230769 0.12139423076923077 0.09014423076923077
0 0.49038461538461536 0.3485576923076923 0.09735576923076923 0.06490384615384616
0 0.5336538461538461 0.28966346153846156 0.11057692307692307 0.07091346153846154
0 0.5673076923076923 0.2668269230769231 0.07211538461538461 0.08533653846153846
0 0.5600961538461539 0.12379807692307693 0.09495192307692307 0.08413461538461539
0 0.6670673076923077 0.25 0.09375 0.1141826923076923
0 0.7536057692307693 0.2848557692307692 0.09134615384615384 0.0625
0 0.7668269230769231 0.2439903846153846 0.10817307692307693 0.07932692307692307
0 0.7848557692307693 0.18028846153846154 0.09134615384615384 0.078125
0 0.7572115384615384 0.12980769230769232 0.1201923076923077 0.1141826923076923
0 0.8737980769230769 0.4230769230769231 0.10697115384615384 0.14783653846153846
0 0.9723557692307693 0.4230769230769231 0.055288461538461536 0.14783653846153846
0 0.9639423076923077 0.1971153846153846 0.0625 0.11177884615384616
0 0.7908653846153846 0.41466346153846156 0.06610576923076923 0.08052884615384616