0 0.04567307692307692 0.43990384615384615 0.019230769230769232 0.040865384615384616
0 0.16947115384615385 0.5360576923076923 0.014423076923076924 0.027644230769230768
0 0.14903846153846154 0.41586538461538464 0.013221153846153846 0.021634615384615384
0 0.1814903846153846 0.4266826923076923 0.01201923076923077 0.025240384615384616
0 0.21153846153846154 0.4230769230769231 0.027644230769230768 0.020432692307692308
0 0.2403846153846154 0.41225961538461536 0.016826923076923076 0.026442307692307692
0 0.27884615384615385 0.4254807692307692 0.021634615384615384 0.04567307692307692
0 0.3076923076923077 0.4014423076923077 0.019230769230769232 0.042067307692307696
0 0.6911057692307693 0.39663461538461536 0.009615384615384616 0.02403846153846154
0 0.7067307692307693 0.4098557692307692 0.020432692307692308 0.03245192307692308
0 0.7127403846153846 0.49038461538461536 0.014423076923076924 0.039663461538461536
0 0.7223557692307693 0.5216346153846154 0.019230769230769232 0.03125
0 0.7259615384615384 0.49278846153846156 0.025240384615384616 0.020432692307692308
0 0.7235576923076923 0.546875 0.02403846153846154 0.037259615384615384
0 0.7067307692307693 0.5661057692307693 0.019230769230769232 0.02403846153846154
0 0.6802884615384616 0.5997596153846154 0.021634615384615384 0.04326923076923077
0 0.7127403846153846 0.6550480769230769 0.016826923076923076 0.02283653846153846
0 0.7007211538461539 0.7055288461538461 0.014423076923076924 0.019230769230769232
0 0.6995192307692307 0.7475961538461539 0.010817307692307692 0.021634615384615384
0 0.7199519230769231 0.7475961538461539 0.013221153846153846 0.020432692307692308
0 0.8112980769230769 0.9362980769230769 0.009615384615384616 0.04807692307692308
0 0.8401442307692307 0.9302884615384616 0.018028846153846152 0.026442307692307692
0 0.8341346153846154 0.9591346153846154 0.015625 0.018028846153846152
0 0.8209134615384616 0.984375 0.014423076923076924 0.03125
0 0.8389423076923077 0.9831730769230769 0.020432692307692308 0.03245192307692308
0 0.8701923076923077 0.8329326923076923 0.016826923076923076 0.028846153846153848
0 0.8870192307692307 0.8545673076923077 0.008413461538461538 0.030048076923076924
0 0.9002403846153846 0.9158653846153846 0.016826923076923076 0.03365384615384615
0 0.9122596153846154 0.8834134615384616 0.007211538461538462 0.026442307692307692
0 0.9387019230769231 0.8870192307692307 0.019230769230769232 0.026442307692307692
0 0.9302884615384616 0.9266826923076923 0.018028846153846152 0.025240384615384616
0 0.9507211538461539 0.9314903846153846 0.016826923076923076 0.02403846153846154
0 0.9338942307692307 0.9615384615384616 0.018028846153846152 0.021634615384615384
0 0.9795673076923077 0.8653846153846154 0.020432692307692308 0.027644230769230768
0 0.9639423076923077 0.8088942307692307 0.019230769230769232 0.040865384615384616
0 0.96875 0.7151442307692307 0.009615384615384616 0.03125
0 0.9579326923076923 0.6622596153846154 0.019230769230769232 0.03125
0 0.9939903846153846 0.6634615384615384 0.01201923076923077 0.03125
0 0.9735576923076923 0.625 0.025240384615384616 0.025240384615384616
0 0.9627403846153846 0.6009615384615384 0.021634615384615384 0.03125
0 0.9314903846153846 0.6346153846153846 0.01201923076923077 0.027644230769230768
0 0.9290865384615384 0.625 0.02403846153846154 0.02283653846153846
0 0.921875 0.5865384615384616 0.026442307692307692 0.02283653846153846
0 0.9158653846153846 0.546875 0.015625 0.02403846153846154
0 0.7728365384615384 0.4495192307692308 0.01201923076923077 0.027644230769230768
0 0.8088942307692307 0.42427884615384615 0.014423076923076924 0.02403846153846154
0 0.8473557692307693 0.40865384615384615 0.010817307692307692 0.016826923076923076
0 0.8774038461538461 0.4050480769230769 0.014423076923076924 0.019230769230769232
0 0.8581730769230769 0.4495192307692308 0.016826923076923076 0.028846153846153848
0 0.8353365384615384 0.36177884615384615 0.010817307692307692 0.026442307692307692
0 0.8137019230769231 0.3954326923076923 0.016826923076923076 0.026442307692307692
0 0.8100961538461539 0.37259615384615385 0.014423076923076924 0.018028846153846152
0 0.8125 0.34134615384615385 0.01201923076923077 0.025240384615384616
0 0.7980769230769231 0.31490384615384615 0.009615384615384616 0.03125
0 0.7860576923076923 0.2956730769230769 0.007211538461538462 0.019230769230769232
0 0.8137019230769231 0.31490384615384615 0.014423076923076924 0.028846153846153848
0 0.8161057692307693 0.28846153846153844 0.01201923076923077 0.020432692307692308
0 0.828125 0.32572115384615385 0.008413461538461538 0.019230769230769232