0 0.06490384615384616 0.33533653846153844 0.03485576923076923 0.055288461538461536
0 0.11778846153846154 0.33774038461538464 0.027644230769230768 0.055288461538461536
0 0.14302884615384615 0.3942307692307692 0.042067307692307696 0.09134615384615384
0 0.17908653846153846 0.35216346153846156 0.039663461538461536 0.06490384615384616
0 0.24158653846153846 0.3401442307692308 0.04447115384615385 0.0733173076923077
0 0.21995192307692307 0.4387019230769231 0.04326923076923077 0.1045673076923077
0 0.2704326923076923 0.4951923076923077 0.055288461538461536 0.12139423076923077
0 0.2824519230769231 0.42788461538461536 0.07211538461538461 0.08533653846153846
0 0.3088942307692308 0.3918269230769231 0.06129807692307692 0.06850961538461539
0 0.3449519230769231 0.5072115384615384 0.07091346153846154 0.14302884615384615
0 0.38461538461538464 0.45552884615384615 0.06129807692307692 0.1045673076923077
0 0.4699519230769231 0.49158653846153844 0.10576923076923077 0.15504807692307693
0 0.5348557692307693 0.48677884615384615 0.07091346153846154 0.1346153846153846
0 0.5877403846153846 0.453125 0.08774038461538461 0.13942307692307693
0 0.6814903846153846 0.5528846153846154 0.09134615384615384 0.15865384615384615
0 0.6646634615384616 0.44471153846153844 0.10096153846153846 0.09735576923076923
0 0.7596153846153846 0.49038461538461536 0.0673076923076923 0.12740384615384615
0 0.8245192307692307 0.45072115384615385 0.037259615384615384 0.14543269230769232
0 0.890625 0.5084134615384616 0.06971153846153846 0.16947115384615385