0 0.09375 0.4651442307692308 0.046875 0.13822115384615385
0 0.11778846153846154 0.6586538461538461 0.07091346153846154 0.1658653846153846
0 0.4651442307692308 0.7079326923076923 0.11298076923076923 0.09735576923076923
0 0.39903846153846156 0.6334134615384616 0.11778846153846154 0.10576923076923077
0 0.4050480769230769 0.4074519230769231 0.12980769230769232 0.11177884615384616
0 0.5444711538461539 0.5444711538461539 0.027644230769230768 0.06610576923076923
0 0.5576923076923077 0.5072115384615384 0.06610576923076923 0.052884615384615384
0 0.5552884615384616 0.44471153846153844 0.078125 0.04927884615384615
0 0.5733173076923077 0.39903846153846156 0.07451923076923077 0.06971153846153846
0 0.5552884615384616 0.3245192307692308 0.06490384615384616 0.0625
0 0.6129807692307693 0.27403846153846156 0.06850961538461539 0.1045673076923077
0 0.7572115384615384 0.21995192307692307 0.052884615384615384 0.08052884615384616
0 0.5516826923076923 0.1935096153846154 0.039663461538461536 0.0625
0 0.5384615384615384 0.13942307692307693 0.025240384615384616 0.03485576923076923
0 0.546875 0.08653846153846154 0.037259615384615384 0.07091346153846154
0 0.49038461538461536 0.14543269230769232 0.030048076923076924 0.06850961538461539
0 0.453125 0.1622596153846154 0.03125 0.09735576923076923
0 0.3557692307692308 0.09735576923076923 0.05889423076923077 0.125
0 0.4411057692307692 0.078125 0.03485576923076923 0.08533653846153846
0 0.5048076923076923 0.028846153846153848 0.02403846153846154 0.057692307692307696