0 0.6574519230769231 0.3449519230769231 0.03485576923076923 0.051682692307692304
0 0.7043269230769231 0.3233173076923077 0.028846153846153848 0.06490384615384616
0 0.7944711538461539 0.33774038461538464 0.009615384615384616 0.04447115384615385
0 0.8112980769230769 0.3545673076923077 0.021634615384615384 0.036057692307692304
0 0.1310096153846154 0.5997596153846154 0.04567307692307692 0.07091346153846154
0 0.12259615384615384 0.5552884615384616 0.040865384615384616 0.04927884615384615
0 0.22115384615384615 0.5961538461538461 0.040865384615384616 0.08052884615384616
0 0.1622596153846154 0.4855769230769231 0.021634615384615384 0.057692307692307696
0 0.2439903846153846 0.3942307692307692 0.039663461538461536 0.07091346153846154
0 0.2704326923076923 0.3786057692307692 0.03485576923076923 0.040865384615384616
0 0.28725961538461536 0.34375 0.03365384615384615 0.057692307692307696
0 0.3161057692307692 0.47115384615384615 0.040865384615384616 0.06490384615384616
0 0.3293269230769231 0.3449519230769231 0.028846153846153848 0.0673076923076923
0 0.36538461538461536 0.3858173076923077 0.015625 0.06610576923076923