0 0.3858173076923077 0.6225961538461539 0.19591346153846154 0.20192307692307693
0 0.17067307692307693 0.4362980769230769 0.10697115384615384 0.10817307692307693
0 0.30288461538461536 0.46875 0.07211538461538461 0.11899038461538461
0 0.375 0.49399038461538464 0.04927884615384615 0.05889423076923077
0 0.27884615384615385 0.37259615384615385 0.04927884615384615 0.07932692307692307
0 0.3629807692307692 0.3485576923076923 0.05889423076923077 0.052884615384615384
0 0.390625 0.39663461538461536 0.06490384615384616 0.0829326923076923
0 0.45552884615384615 0.40625 0.07211538461538461 0.09375
0 0.5168269230769231 0.45072115384615385 0.07211538461538461 0.10096153846153846
0 0.625 0.46274038461538464 0.0985576923076923 0.11298076923076923
0 0.7307692307692307 0.5216346153846154 0.07572115384615384 0.1310096153846154
0 0.7860576923076923 0.4699519230769231 0.054086538461538464 0.12740384615384615
0 0.6754807692307693 0.3786057692307692 0.07932692307692307 0.06971153846153846
0 0.6225961538461539 0.3762019230769231 0.0625 0.06610576923076923
0 0.5673076923076923 0.35216346153846156 0.08533653846153846 0.09615384615384616
0 0.5036057692307693 0.31850961538461536 0.0625 0.07692307692307693
0 0.7331730769230769 0.3317307692307692 0.06490384615384616 0.0733173076923077
0 0.9050480769230769 0.31850961538461536 0.078125 0.055288461538461536
0 0.8689903846153846 0.2860576923076923 0.038461538461538464 0.06610576923076923
0 0.8149038461538461 0.2860576923076923 0.056490384615384616 0.0673076923076923
0 0.8197115384615384 0.33413461538461536 0.04807692307692308 0.051682692307692304
0 0.9278846153846154 0.36899038461538464 0.06850961538461539 0.0733173076923077
0 0.9543269230769231 0.32211538461538464 0.06009615384615385 0.07091346153846154