0 0.20432692307692307 0.6262019230769231 0.12139423076923077 0.08533653846153846
0 0.2848557692307692 0.6995192307692307 0.08052884615384616 0.10336538461538461
0 0.35096153846153844 0.609375 0.046875 0.09975961538461539
0 0.42427884615384615 0.7079326923076923 0.06610576923076923 0.055288461538461536
0 0.42908653846153844 0.6742788461538461 0.1141826923076923 0.07451923076923077
0 0.5853365384615384 0.6646634615384616 0.0985576923076923 0.109375
0 0.5144230769230769 0.5120192307692307 0.125 0.0889423076923077
0 0.47716346153846156 0.6117788461538461 0.07091346153846154 0.0733173076923077
0 0.6262019230769231 0.5420673076923077 0.07451923076923077 0.11899038461538461
0 0.7427884615384616 0.5276442307692307 0.07932692307692307 0.0889423076923077
0 0.7680288461538461 0.6165865384615384 0.08774038461538461 0.1201923076923077
0 0.84375 0.6514423076923077 0.12139423076923077 0.10817307692307693