0 0.1466346153846154 0.6490384615384616 0.05889423076923077 0.0985576923076923
0 0.21514423076923078 0.6574519230769231 0.03125 0.06129807692307692
0 0.24278846153846154 0.65625 0.02283653846153846 0.04326923076923077
0 0.28725961538461536 0.6466346153846154 0.05048076923076923 0.07572115384615384
0 0.3762019230769231 0.6334134615384616 0.046875 0.08052884615384616
0 0.45913461538461536 0.59375 0.07091346153846154 0.10096153846153846
0 0.5661057692307693 0.5853365384615384 0.04927884615384615 0.07692307692307693
0 0.6538461538461539 0.5685096153846154 0.04567307692307692 0.07692307692307693
0 0.6947115384615384 0.5625 0.037259615384615384 0.054086538461538464
0 0.7091346153846154 0.515625 0.037259615384615384 0.05048076923076923
0 0.7403846153846154 0.546875 0.036057692307692304 0.0625
0 0.7956730769230769 0.5516826923076923 0.051682692307692304 0.0889423076923077
0 0.8569711538461539 0.49038461538461536 0.054086538461538464 0.07932692307692307