0 0.1201923076923077 0.3317307692307692 0.1658653846153846 0.16706730769230768
0 0.19831730769230768 0.46875 0.13341346153846154 0.12740384615384615
0 0.20793269230769232 0.5757211538461539 0.125 0.22716346153846154
0 0.3112980769230769 0.7319711538461539 0.07932692307692307 0.15865384615384615
0 0.36538461538461536 0.6105769230769231 0.13822115384615385 0.21394230769230768
0 0.34375 0.3870192307692308 0.14903846153846154 0.12259615384615384
0 0.39903846153846156 0.5024038461538461 0.18509615384615385 0.11298076923076923
0 0.4723557692307692 0.6189903846153846 0.11057692307692307 0.1814903846153846
0 0.5576923076923077 0.6129807692307693 0.0985576923076923 0.13221153846153846
0 0.5829326923076923 0.5240384615384616 0.19471153846153846 0.22596153846153846
0 0.7295673076923077 0.6586538461538461 0.1935096153846154 0.23076923076923078
0 0.8834134615384616 0.5913461538461539 0.1310096153846154 0.1502403846153846
0 0.8798076923076923 0.47596153846153844 0.1310096153846154 0.12379807692307693
0 0.22355769230769232 0.359375 0.07091346153846154 0.11778846153846154