0 0.140625 0.6766826923076923 0.11177884615384616 0.1502403846153846
0 0.1778846153846154 0.43990384615384615 0.057692307692307696 0.10817307692307693
0 0.41586538461538464 0.6682692307692307 0.08533653846153846 0.09254807692307693
0 0.5 0.7403846153846154 0.11177884615384616 0.08173076923076923
0 0.5276442307692307 0.4338942307692308 0.09615384615384616 0.09014423076923077
0 0.6430288461538461 0.49759615384615385 0.08774038461538461 0.054086538461538464
0 0.6286057692307693 0.5552884615384616 0.0889423076923077 0.06129807692307692
0 0.6947115384615384 0.42908653846153844 0.04807692307692308 0.0733173076923077
0 0.6899038461538461 0.3581730769230769 0.06009615384615385 0.06850961538461539
0 0.7524038461538461 0.30288461538461536 0.054086538461538464 0.10817307692307693
0 0.9170673076923077 0.2800480769230769 0.06129807692307692 0.0889423076923077
0 0.7055288461538461 0.20552884615384615 0.056490384615384616 0.06610576923076923
0 0.6081730769230769 0.17307692307692307 0.03365384615384615 0.109375
0 0.5408653846153846 0.10216346153846154 0.05048076923076923 0.12379807692307693
0 0.6069711538461539 0.078125 0.027644230769230768 0.07451923076923077
0 0.6947115384615384 0.04447115384615385 0.027644230769230768 0.08533653846153846
0 0.6634615384615384 0.17067307692307693 0.052884615384615384 0.06971153846153846
0 0.6935096153846154 0.12620192307692307 0.02283653846153846 0.046875
0 0.7391826923076923 0.09735576923076923 0.04807692307692308 0.0733173076923077