0 0.08413461538461539 0.4651442307692308 0.037259615384615384 0.06009615384615385
0 0.13701923076923078 0.47475961538461536 0.019230769230769232 0.054086538461538464
0 0.2956730769230769 0.47115384615384615 0.020432692307692308 0.055288461538461536
0 0.3762019230769231 0.4110576923076923 0.021634615384615384 0.06009615384615385
0 0.5252403846153846 0.46033653846153844 0.028846153846153848 0.040865384615384616
0 0.5588942307692307 0.42908653846153844 0.021634615384615384 0.03485576923076923
0 0.5913461538461539 0.4807692307692308 0.030048076923076924 0.051682692307692304
0 0.6586538461538461 0.43028846153846156 0.013221153846153846 0.036057692307692304
0 0.6899038461538461 0.4483173076923077 0.021634615384615384 0.036057692307692304
0 0.7163461538461539 0.4831730769230769 0.04326923076923077 0.054086538461538464
0 0.8137019230769231 0.45913461538461536 0.021634615384615384 0.028846153846153848
0 0.8233173076923077 0.49038461538461536 0.03365384615384615 0.051682692307692304
0 0.859375 0.5180288461538461 0.04326923076923077 0.06129807692307692