0 0.021634615384615384 0.47475961538461536 0.04326923076923077 0.20072115384615385
0 0.06971153846153846 0.3737980769230769 0.06129807692307692 0.10336538461538461
0 0.09254807692307693 0.27283653846153844 0.08413461538461539 0.09495192307692307
0 0.19110576923076922 0.33052884615384615 0.171875 0.12620192307692307
0 0.23918269230769232 0.43990384615384615 0.10576923076923077 0.15144230769230768
0 0.17067307692307693 0.4831730769230769 0.12740384615384615 0.19230769230769232
0 0.3088942307692308 0.3894230769230769 0.12620192307692307 0.15384615384615385
0 0.4230769230769231 0.24519230769230768 0.1466346153846154 0.14903846153846154
0 0.5228365384615384 0.3112980769230769 0.15985576923076922 0.18028846153846154
0 0.7355769230769231 0.328125 0.0829326923076923 0.1502403846153846
0 0.6466346153846154 0.4254807692307692 0.0829326923076923 0.15504807692307693
0 0.5 0.43149038461538464 0.0625 0.11298076923076923
0 0.4831730769230769 0.6129807692307693 0.09975961538461539 0.15144230769230768
0 0.5733173076923077 0.7283653846153846 0.15144230769230768 0.18028846153846154
0 0.6201923076923077 0.5637019230769231 0.14182692307692307 0.15504807692307693
0 0.8377403846153846 0.6935096153846154 0.15745192307692307 0.2283653846153846
0 0.8365384615384616 0.49038461538461536 0.2536057692307692 0.15985576923076922