0 0.03125 0.21033653846153846 0.02283653846153846 0.05889423076923077
0 0.0625 0.2283653846153846 0.026442307692307692 0.055288461538461536
0 0.09975961538461539 0.21394230769230768 0.038461538461538464 0.07451923076923077
0 0.13341346153846154 0.27403846153846156 0.046875 0.06971153846153846
0 0.13221153846153846 0.16947115384615385 0.028846153846153848 0.07451923076923077
0 0.17548076923076922 0.24639423076923078 0.028846153846153848 0.08533653846153846
0 0.1935096153846154 0.20192307692307693 0.03125 0.04807692307692308
0 0.2536057692307692 0.15384615384615385 0.04927884615384615 0.07211538461538461
0 0.16706730769230768 0.7115384615384616 0.10336538461538461 0.234375
0 0.30408653846153844 0.5492788461538461 0.0733173076923077 0.14783653846153846
0 0.35096153846153844 0.7307692307692307 0.09495192307692307 0.24519230769230768
0 0.46634615384615385 0.8401442307692307 0.10576923076923077 0.24519230769230768
0 0.4206730769230769 0.6995192307692307 0.03245192307692308 0.057692307692307696
0 0.4495192307692308 0.6274038461538461 0.054086538461538464 0.12139423076923077
0 0.3762019230769231 0.3713942307692308 0.021634615384615384 0.07692307692307693
0 0.3942307692307692 0.3233173076923077 0.030048076923076924 0.08173076923076923
0 0.4206730769230769 0.2608173076923077 0.020432692307692308 0.07692307692307693
0 0.3389423076923077 0.16706730769230768 0.025240384615384616 0.05048076923076923
0 0.3762019230769231 0.23557692307692307 0.027644230769230768 0.054086538461538464
0 0.359375 0.19591346153846154 0.014423076923076924 0.052884615384615384
0 0.35336538461538464 0.11538461538461539 0.052884615384615384 0.03245192307692308
0 0.40865384615384615 0.1622596153846154 0.016826923076923076 0.054086538461538464
0 0.43028846153846156 0.15384615384615385 0.02403846153846154 0.05048076923076923
0 0.4543269230769231 0.38100961538461536 0.03365384615384615 0.0889423076923077
0 0.5084134615384616 0.5120192307692307 0.054086538461538464 0.12860576923076922
0 0.5793269230769231 0.5841346153846154 0.0673076923076923 0.10336538461538461
0 0.6838942307692307 0.6225961538461539 0.11057692307692307 0.18629807692307693
0 0.8557692307692307 0.5997596153846154 0.078125 0.11538461538461539
0 0.7091346153846154 0.5420673076923077 0.051682692307692304 0.08052884615384616
0 0.7091346153846154 0.4735576923076923 0.07091346153846154 0.11899038461538461
0 0.7740384615384616 0.5240384615384616 0.040865384615384616 0.08533653846153846
0 0.8221153846153846 0.49158653846153844 0.039663461538461536 0.07211538461538461
0 0.8221153846153846 0.41586538461538464 0.06009615384615385 0.09975961538461539
0 0.7307692307692307 0.4074519230769231 0.06610576923076923 0.08052884615384616
0 0.7367788461538461 0.34375 0.03245192307692308 0.0829326923076923
0 0.8052884615384616 0.24639423076923078 0.03125 0.06370192307692307
0 0.8557692307692307 0.23197115384615385 0.025240384615384616 0.06971153846153846
0 0.8569711538461539 0.18269230769230768 0.03245192307692308 0.046875
0 0.8966346153846154 0.27403846153846156 0.055288461538461536 0.08173076923076923
0 0.96875 0.28125 0.0625 0.09735576923076923
0 0.9723557692307693 0.21754807692307693 0.046875 0.06129807692307692
0 0.8798076923076923 0.14903846153846154 0.05048076923076923 0.06610576923076923
0 0.9182692307692307 0.12740384615384615 0.02283653846153846 0.04807692307692308
0 0.9615384615384616 0.11899038461538461 0.056490384615384616 0.07451923076923077
0 0.6189903846153846 0.4014423076923077 0.04807692307692308 0.0673076923076923
0 0.49038461538461536 0.29927884615384615 0.05048076923076923 0.09254807692307693
0 0.4963942307692308 0.2512019230769231 0.03125 0.06009615384615385
0 0.484375 0.20673076923076922 0.036057692307692304 0.04927884615384615
0 0.4795673076923077 0.1622596153846154 0.03245192307692308 0.046875
0 0.5360576923076923 0.19110576923076922 0.030048076923076924 0.038461538461538464
0 0.5408653846153846 0.2860576923076923 0.02403846153846154 0.052884615384615384
0 0.5997596153846154 0.28365384615384615 0.04326923076923077 0.06490384615384616
0 0.6225961538461539 0.3329326923076923 0.025240384615384616 0.08052884615384616
0 0.5877403846153846 0.22115384615384615 0.028846153846153848 0.04326923076923077
0 0.5769230769230769 0.17668269230769232 0.025240384615384616 0.04447115384615385
0 0.5324519230769231 0.12139423076923077 0.025240384615384616 0.04326923076923077
0 0.48197115384615385 0.06971153846153846 0.010817307692307692 0.03365384615384615
0 0.4519230769230769 0.052884615384615384 0.028846153846153848 0.03365384615384615
0 0.7319711538461539 0.18629807692307693 0.03245192307692308 0.06370192307692307
0 0.8161057692307693 0.10817307692307693 0.027644230769230768 0.04326923076923077
0 0.6947115384615384 0.20793269230769232 0.016826923076923076 0.026442307692307692
0 0.6742788461538461 0.23557692307692307 0.02403846153846154 0.06610576923076923
0 0.6478365384615384 0.2548076923076923 0.02283653846153846 0.06610576923076923
0 0.6382211538461539 0.21754807692307693 0.019230769230769232 0.039663461538461536
0 0.6286057692307693 0.18509615384615385 0.02283653846153846 0.046875
0 0.6502403846153846 0.15144230769230768 0.02283653846153846 0.042067307692307696
0 0.6622596153846154 0.12740384615384615 0.02283653846153846 0.036057692307692304
0 0.6129807692307693 0.14423076923076922 0.027644230769230768 0.06610576923076923
0 0.5913461538461539 0.1045673076923077 0.03125 0.04447115384615385
0 0.5444711538461539 0.07692307692307693 0.019230769230769232 0.037259615384615384
0 0.5817307692307693 0.054086538461538464 0.019230769230769232 0.046875
0 0.703125 0.030048076923076924 0.020432692307692308 0.036057692307692304
0 0.8064903846153846 0.025240384615384616 0.028846153846153848 0.03365384615384615