0 0.2776442307692308 0.057692307692307696 0.06009615384615385 0.08774038461538461
0 0.25240384615384615 0.26802884615384615 0.056490384615384616 0.09735576923076923
0 0.3112980769230769 0.22716346153846154 0.042067307692307696 0.09735576923076923
0 0.3701923076923077 0.14903846153846154 0.036057692307692304 0.06129807692307692
0 0.3389423076923077 0.25 0.040865384615384616 0.07451923076923077
0 0.38221153846153844 0.21995192307692307 0.030048076923076924 0.07451923076923077
0 0.40625 0.29927884615384615 0.04326923076923077 0.11658653846153846
0 0.4567307692307692 0.21153846153846154 0.056490384615384616 0.06490384615384616
0 0.4423076923076923 0.2764423076923077 0.03485576923076923 0.07451923076923077
0 0.5084134615384616 0.30528846153846156 0.030048076923076924 0.0625
0 0.5793269230769231 0.35697115384615385 0.05889423076923077 0.1201923076923077
0 0.6923076923076923 0.2548076923076923 0.06971153846153846 0.06610576923076923
0 0.5120192307692307 0.4026442307692308 0.057692307692307696 0.08413461538461539
0 0.24519230769230768 0.6394230769230769 0.05889423076923077 0.11538461538461539
0 0.3737980769230769 0.7632211538461539 0.11057692307692307 0.18509615384615385
0 0.43509615384615385 0.47115384615384615 0.06850961538461539 0.10336538461538461
0 0.6502403846153846 0.4699519230769231 0.08052884615384616 0.09615384615384616
0 0.6766826923076923 0.5096153846153846 0.04807692307692308 0.052884615384615384
0 0.5757211538461539 0.48197115384615385 0.04326923076923077 0.0889423076923077
0 0.6766826923076923 0.5841346153846154 0.07091346153846154 0.0625
0 0.6153846153846154 0.6442307692307693 0.11778846153846154 0.08533653846153846
0 0.6574519230769231 0.7175480769230769 0.09134615384615384 0.1201923076923077