0 0.16947115384615385 0.7175480769230769 0.10576923076923077 0.20793269230769232
0 0.3485576923076923 0.7115384615384616 0.08653846153846154 0.18870192307692307
0 0.3004807692307692 0.5264423076923077 0.06610576923076923 0.140625
0 0.45913461538461536 0.828125 0.08413461538461539 0.18389423076923078
0 0.453125 0.6322115384615384 0.04927884615384615 0.13701923076923078
0 0.4266826923076923 0.7067307692307693 0.03125 0.09615384615384616
0 0.515625 0.5228365384615384 0.054086538461538464 0.12860576923076922
0 0.5817307692307693 0.6069711538461539 0.051682692307692304 0.0889423076923077
0 0.6730769230769231 0.6213942307692307 0.09134615384615384 0.17548076923076922
0 0.7199519230769231 0.5492788461538461 0.04326923076923077 0.057692307692307696
0 0.7151442307692307 0.5012019230769231 0.06610576923076923 0.15865384615384615
0 0.7752403846153846 0.5408653846153846 0.06009615384615385 0.1201923076923077
0 0.8557692307692307 0.6057692307692307 0.07692307692307693 0.1310096153846154
0 0.8161057692307693 0.5 0.040865384615384616 0.07451923076923077
0 0.8221153846153846 0.42427884615384615 0.056490384615384616 0.0985576923076923
0 0.7331730769230769 0.4254807692307692 0.06610576923076923 0.09615384615384616
0 0.7391826923076923 0.33774038461538464 0.036057692307692304 0.09375
0 0.8112980769230769 0.2536057692307692 0.03245192307692308 0.054086538461538464
0 0.890625 0.27163461538461536 0.040865384615384616 0.08653846153846154
0 0.9627403846153846 0.2824519230769231 0.06850961538461539 0.09375
0 0.9735576923076923 0.22596153846153846 0.052884615384615384 0.07211538461538461
0 0.8545673076923077 0.17908653846153846 0.03125 0.06850961538461539
0 0.890625 0.17067307692307693 0.04326923076923077 0.08653846153846154
0 0.9651442307692307 0.1346153846153846 0.06129807692307692 0.0829326923076923
0 0.8185096153846154 0.11057692307692307 0.039663461538461536 0.057692307692307696
0 0.734375 0.18990384615384615 0.039663461538461536 0.07211538461538461
0 0.6730769230769231 0.2403846153846154 0.020432692307692308 0.057692307692307696
0 0.6490384615384616 0.25841346153846156 0.027644230769230768 0.055288461538461536
0 0.6213942307692307 0.4074519230769231 0.042067307692307696 0.09495192307692307
0 0.6165865384615384 0.3317307692307692 0.028846153846153848 0.08533653846153846
0 0.6009615384615384 0.27524038461538464 0.02403846153846154 0.06370192307692307
0 0.4891826923076923 0.32091346153846156 0.030048076923076924 0.0889423076923077
0 0.4519230769230769 0.38341346153846156 0.02403846153846154 0.08173076923076923
0 0.3762019230769231 0.38221153846153844 0.03365384615384615 0.05889423076923077
0 0.3942307692307692 0.31490384615384615 0.03245192307692308 0.11177884615384616
0 0.4254807692307692 0.25961538461538464 0.028846153846153848 0.07572115384615384
0 0.49278846153846156 0.23918269230769232 0.037259615384615384 0.04447115384615385
0 0.47836538461538464 0.20552884615384615 0.02283653846153846 0.04807692307692308
0 0.48677884615384615 0.16947115384615385 0.03485576923076923 0.054086538461538464
0 0.5913461538461539 0.21875 0.013221153846153846 0.03365384615384615
0 0.13701923076923078 0.26802884615384615 0.02403846153846154 0.06129807692307692
0 0.12379807692307693 0.2283653846153846 0.03365384615384615 0.052884615384615384