0 0.13822115384615385 0.47716346153846156 0.10336538461538461 0.11538461538461539
0 0.14302884615384615 0.59375 0.07211538461538461 0.07211538461538461
0 0.2127403846153846 0.6682692307692307 0.109375 0.14543269230769232
0 0.3786057692307692 0.22596153846153846 0.09615384615384616 0.0985576923076923
0 0.3269230769230769 0.375 0.07091346153846154 0.09495192307692307
0 0.328125 0.47596153846153844 0.10576923076923077 0.13581730769230768
0 0.41586538461538464 0.5132211538461539 0.08653846153846154 0.14423076923076922
0 0.53125 0.11177884615384616 0.05048076923076923 0.0733173076923077
0 0.5480769230769231 0.17548076923076922 0.0673076923076923 0.09375
0 0.5877403846153846 0.4026442307692308 0.0829326923076923 0.13581730769230768
0 0.6550480769230769 0.4543269230769231 0.08052884615384616 0.12980769230769232
0 0.7283653846153846 0.4483173076923077 0.07572115384615384 0.12860576923076922
0 0.8173076923076923 0.3605769230769231 0.04326923076923077 0.125
0 0.5805288461538461 0.6225961538461539 0.09254807692307693 0.109375
0 0.4987980769230769 0.7163461538461539 0.08173076923076923 0.07091346153846154
0 0.5673076923076923 0.7956730769230769 0.09134615384615384 0.1310096153846154
0 0.6875 0.5973557692307693 0.03245192307692308 0.07451923076923077
0 0.7512019230769231 0.7560096153846154 0.12980769230769232 0.11778846153846154
0 0.7211538461538461 0.8990384615384616 0.09495192307692307 0.11298076923076923
0 0.7752403846153846 0.9038461538461539 0.0673076923076923 0.09014423076923077