0 0.12860576923076922 0.8365384615384616 0.07692307692307693 0.12620192307692307
0 0.2920673076923077 0.5336538461538461 0.08413461538461539 0.11057692307692307
0 0.3449519230769231 0.5180288461538461 0.04447115384615385 0.11298076923076923
0 0.2824519230769231 0.36658653846153844 0.10817307692307693 0.10096153846153846
0 0.3858173076923077 0.46033653846153844 0.09134615384615384 0.14182692307692307
0 0.4543269230769231 0.4795673076923077 0.04447115384615385 0.13221153846153846
0 0.49038461538461536 0.5108173076923077 0.03365384615384615 0.1141826923076923
0 0.5348557692307693 0.39663461538461536 0.08173076923076923 0.109375
0 0.42788461538461536 0.3954326923076923 0.10697115384615384 0.078125
0 0.38221153846153844 0.3401442307692308 0.036057692307692304 0.07932692307692307
0 0.4387019230769231 0.28725961538461536 0.10096153846153846 0.12740384615384615
0 0.5072115384615384 0.2608173076923077 0.03485576923076923 0.14423076923076922