0 0.10096153846153846 0.640625 0.039663461538461536 0.06129807692307692
0 0.13581730769230768 0.49158653846153844 0.030048076923076924 0.016826923076923076
0 0.10817307692307693 0.4723557692307692 0.036057692307692304 0.040865384615384616
0 0.014423076923076924 0.39903846153846156 0.028846153846153848 0.03245192307692308
0 0.23317307692307693 0.6814903846153846 0.04326923076923077 0.052884615384615384
0 0.2247596153846154 0.6334134615384616 0.03485576923076923 0.04927884615384615
0 0.2956730769230769 0.6430288461538461 0.039663461538461536 0.04447115384615385
0 0.2668269230769231 0.6454326923076923 0.020432692307692308 0.036057692307692304
0 0.29447115384615385 0.5 0.03485576923076923 0.078125
0 0.2764423076923077 0.9362980769230769 0.052884615384615384 0.039663461538461536
0 0.32091346153846156 0.9771634615384616 0.051682692307692304 0.036057692307692304
0 0.3545673076923077 0.9278846153846154 0.02283653846153846 0.054086538461538464
0 0.421875 0.9194711538461539 0.020432692307692308 0.040865384615384616
0 0.5180288461538461 0.9567307692307693 0.038461538461538464 0.046875
0 0.5985576923076923 0.9699519230769231 0.030048076923076924 0.042067307692307696
0 0.5336538461538461 0.8954326923076923 0.02283653846153846 0.054086538461538464
0 0.4723557692307692 0.890625 0.036057692307692304 0.04326923076923077
0 0.4831730769230769 0.8485576923076923 0.05048076923076923 0.06129807692307692
0 0.46153846153846156 0.8076923076923077 0.04447115384615385 0.055288461538461536
0 0.5637019230769231 0.8725961538461539 0.020432692307692308 0.026442307692307692
0 0.5336538461538461 0.8173076923076923 0.016826923076923076 0.037259615384615384
0 0.5733173076923077 0.8305288461538461 0.04567307692307692 0.038461538461538464
0 0.5925480769230769 0.8052884615384616 0.052884615384615384 0.026442307692307692
0 0.6310096153846154 0.7692307692307693 0.039663461538461536 0.040865384615384616
0 0.34975961538461536 0.4266826923076923 0.015625 0.06009615384615385
0 0.35096153846153844 0.48677884615384615 0.042067307692307696 0.036057692307692304
0 0.39903846153846156 0.44471153846153844 0.03365384615384615 0.040865384615384616
0 0.43990384615384615 0.4375 0.016826923076923076 0.03245192307692308
0 0.4254807692307692 0.5084134615384616 0.039663461538461536 0.04447115384615385
0 0.4206730769230769 0.5757211538461539 0.042067307692307696 0.04927884615384615
0 0.46274038461538464 0.5877403846153846 0.03365384615384615 0.04447115384615385
0 0.46875 0.5276442307692307 0.027644230769230768 0.040865384615384616
0 0.5949519230769231 0.6310096153846154 0.046875 0.046875
0 0.6887019230769231 0.6478365384615384 0.038461538461538464 0.04927884615384615
0 0.7451923076923077 0.6201923076923077 0.040865384615384616 0.040865384615384616
0 0.8064903846153846 0.5997596153846154 0.04447115384615385 0.037259615384615384
0 0.7007211538461539 0.5673076923076923 0.037259615384615384 0.04447115384615385
0 0.5348557692307693 0.5396634615384616 0.028846153846153848 0.04447115384615385
0 0.5793269230769231 0.49759615384615385 0.03485576923076923 0.03125
0 0.6887019230769231 0.44711538461538464 0.02403846153846154 0.042067307692307696
0 0.7776442307692307 0.4567307692307692 0.030048076923076924 0.046875
0 0.7319711538461539 0.359375 0.018028846153846152 0.03365384615384615
0 0.8233173076923077 0.33413461538461536 0.016826923076923076 0.051682692307692304
0 0.9507211538461539 0.21514423076923078 0.030048076923076924 0.040865384615384616
0 0.9206730769230769 0.18028846153846154 0.038461538461538464 0.05048076923076923
0 0.5805288461538461 0.20192307692307693 0.021634615384615384 0.07451923076923077
0 0.5168269230769231 0.24759615384615385 0.030048076923076924 0.042067307692307696
0 0.47475961538461536 0.2860576923076923 0.027644230769230768 0.06610576923076923
0 0.65625 0.1814903846153846 0.021634615384615384 0.04807692307692308
0 0.6322115384615384 0.15384615384615385 0.02283653846153846 0.037259615384615384
0 0.5709134615384616 0.14783653846153846 0.036057692307692304 0.039663461538461536
0 0.8004807692307693 0.12620192307692307 0.042067307692307696 0.039663461538461536
0 0.8834134615384616 0.07572115384615384 0.025240384615384616 0.038461538461538464
0 0.49399038461538464 0.47836538461538464 0.037259615384615384 0.03365384615384615
0 0.5240384615384616 0.4423076923076923 0.028846153846153848 0.037259615384615384
0 0.48677884615384615 0.4423076923076923 0.037259615384615384 0.037259615384615384
0 0.5625 0.3641826923076923 0.039663461538461536 0.027644230769230768