0 0.1201923076923077 0.5625 0.06370192307692307 0.10096153846153846
0 0.23798076923076922 0.5865384615384616 0.07932692307692307 0.11899038461538461
0 0.3329326923076923 0.5829326923076923 0.06129807692307692 0.10216346153846154
0 0.390625 0.5228365384615384 0.0625 0.07451923076923077
0 0.4110576923076923 0.5709134615384616 0.07572115384615384 0.0673076923076923
0 0.43149038461538464 0.6274038461538461 0.09254807692307693 0.08653846153846154
0 0.5180288461538461 0.5408653846153846 0.08413461538461539 0.09495192307692307
0 0.6117788461538461 0.5372596153846154 0.0733173076923077 0.08413461538461539
0 0.6790865384615384 0.5336538461538461 0.06129807692307692 0.0829326923076923
0 0.7463942307692307 0.5324519230769231 0.06370192307692307 0.08413461538461539
0 0.8161057692307693 0.5192307692307693 0.06850961538461539 0.0733173076923077
0 0.8509615384615384 0.5673076923076923 0.07091346153846154 0.07211538461538461