0 0.12620192307692307 0.7572115384615384 0.12740384615384615 0.13822115384615385
0 0.13581730769230768 0.5456730769230769 0.11778846153846154 0.12259615384615384
0 0.21153846153846154 0.40865384615384615 0.06009615384615385 0.0985576923076923
0 0.2692307692307692 0.6105769230769231 0.07692307692307693 0.1045673076923077
0 0.32211538461538464 0.6682692307692307 0.05048076923076923 0.06610576923076923
0 0.40625 0.7019230769230769 0.056490384615384616 0.14182692307692307
0 0.47115384615384615 0.7055288461538461 0.04927884615384615 0.10096153846153846
0 0.5360576923076923 0.7403846153846154 0.06490384615384616 0.11538461538461539
0 0.8641826923076923 0.8245192307692307 0.06370192307692307 0.09254807692307693
0 0.8834134615384616 0.765625 0.06850961538461539 0.07692307692307693
0 0.7728365384615384 0.6370192307692307 0.09134615384615384 0.0985576923076923
0 0.921875 0.6141826923076923 0.08774038461538461 0.09254807692307693
0 0.8353365384615384 0.5516826923076923 0.11298076923076923 0.07932692307692307
0 0.7620192307692307 0.5036057692307693 0.16346153846153846 0.16947115384615385
0 0.6610576923076923 0.45072115384615385 0.06971153846153846 0.1045673076923077
0 0.5649038461538461 0.44350961538461536 0.06129807692307692 0.09254807692307693
0 0.5264423076923077 0.5204326923076923 0.11057692307692307 0.11538461538461539
0 0.4050480769230769 0.4963942307692308 0.06370192307692307 0.16947115384615385
0 0.4891826923076923 0.3329326923076923 0.09735576923076923 0.12620192307692307
0 0.4338942307692308 0.2824519230769231 0.12139423076923077 0.09014423076923077
0 0.5949519230769231 0.19471153846153846 0.11057692307692307 0.12980769230769232
0 0.7584134615384616 0.3173076923076923 0.09254807692307693 0.10096153846153846
0 0.8040865384615384 0.15144230769230768 0.08413461538461539 0.09254807692307693
0 0.6911057692307693 0.057692307692307696 0.0625 0.08533653846153846
0 0.6394230769230769 0.057692307692307696 0.09254807692307693 0.1045673076923077
0 0.3557692307692308 0.22235576923076922 0.13341346153846154 0.14423076923076922
0 0.16706730769230768 0.09975961538461539 0.08413461538461539 0.08173076923076923
0 0.24278846153846154 0.05889423076923077 0.05889423076923077 0.11778846153846154
0 0.3701923076923077 0.042067307692307696 0.10576923076923077 0.08413461538461539