0 0.11778846153846154 0.4014423076923077 0.07211538461538461 0.06610576923076923
0 0.12620192307692307 0.46875 0.05048076923076923 0.052884615384615384
0 0.20072115384615385 0.45552884615384615 0.07451923076923077 0.06850961538461539
0 0.27283653846153844 0.47475961538461536 0.057692307692307696 0.06490384615384616
0 0.5480769230769231 0.5612980769230769 0.06009615384615385 0.08052884615384616
0 0.6117788461538461 0.6069711538461539 0.03365384615384615 0.039663461538461536
0 0.6862980769230769 0.6322115384615384 0.08653846153846154 0.07091346153846154
0 0.8389423076923077 0.6706730769230769 0.06370192307692307 0.07091346153846154
0 0.6826923076923077 0.5817307692307693 0.0625 0.05889423076923077
0 0.6670673076923077 0.5228365384615384 0.04447115384615385 0.042067307692307696
0 0.7247596153846154 0.5348557692307693 0.0733173076923077 0.078125
0 0.7896634615384616 0.5685096153846154 0.05889423076923077 0.0733173076923077
0 0.8341346153846154 0.5793269230769231 0.028846153846153848 0.04567307692307692
0 0.8930288461538461 0.5721153846153846 0.05889423076923077 0.07692307692307693