0 0.2800480769230769 0.65625 0.057692307692307696 0.057692307692307696
0 0.3317307692307692 0.6117788461538461 0.027644230769230768 0.040865384615384616
0 0.24158653846153846 0.49759615384615385 0.03245192307692308 0.04567307692307692
0 0.2848557692307692 0.49278846153846156 0.03365384615384615 0.03245192307692308
0 0.3016826923076923 0.5048076923076923 0.014423076923076924 0.021634615384615384
0 0.32091346153846156 0.49158653846153844 0.01201923076923077 0.02283653846153846
0 0.34134615384615385 0.4987980769230769 0.02283653846153846 0.025240384615384616
0 0.3954326923076923 0.5144230769230769 0.030048076923076924 0.03245192307692308
0 0.3245192307692308 0.46875 0.020432692307692308 0.018028846153846152
0 0.3485576923076923 0.47596153846153844 0.016826923076923076 0.016826923076923076
0 0.36778846153846156 0.47115384615384615 0.015625 0.02403846153846154
0 0.390625 0.47836538461538464 0.02403846153846154 0.016826923076923076
0 0.3870192307692308 0.46634615384615385 0.020432692307692308 0.016826923076923076
0 0.43028846153846156 0.47475961538461536 0.030048076923076924 0.021634615384615384
0 0.46274038461538464 0.49399038461538464 0.01201923076923077 0.018028846153846152
0 0.515625 0.4807692307692308 0.018028846153846152 0.020432692307692308
0 0.4387019230769231 0.43149038461538464 0.009615384615384616 0.016826923076923076
0 0.4831730769230769 0.4098557692307692 0.008413461538461538 0.01201923076923077
0 0.4987980769230769 0.41586538461538464 0.009615384615384616 0.01201923076923077
0 0.5048076923076923 0.4266826923076923 0.019230769230769232 0.01201923076923077
0 0.5228365384615384 0.421875 0.01201923076923077 0.016826923076923076
0 0.5444711538461539 0.4567307692307692 0.016826923076923076 0.013221153846153846
0 0.5348557692307693 0.43990384615384615 0.016826923076923076 0.01201923076923077
0 0.5384615384615384 0.41225961538461536 0.009615384615384616 0.009615384615384616
0 0.546875 0.42427884615384615 0.004807692307692308 0.009615384615384616
0 0.5588942307692307 0.41947115384615385 0.010817307692307692 0.01201923076923077
0 0.7512019230769231 0.4375 0.010817307692307692 0.018028846153846152
0 0.7800480769230769 0.43149038461538464 0.010817307692307692 0.014423076923076924
0 0.8353365384615384 0.43990384615384615 0.007211538461538462 0.010817307692307692
0 0.8545673076923077 0.4326923076923077 0.014423076923076924 0.009615384615384616
0 0.9242788461538461 0.4423076923076923 0.015625 0.014423076923076924
0 0.9675480769230769 0.45913461538461536 0.01201923076923077 0.016826923076923076
0 0.6923076923076923 0.44350961538461536 0.01201923076923077 0.01201923076923077
0 0.6670673076923077 0.4254807692307692 0.007211538461538462 0.006009615384615385
0 0.6730769230769231 0.43149038461538464 0.013221153846153846 0.01201923076923077
0 0.2704326923076923 0.4026442307692308 0.010817307692307692 0.016826923076923076