0 0.6310096153846154 0.6814903846153846 0.08533653846153846 0.10336538461538461
0 0.8497596153846154 0.7596153846153846 0.051682692307692304 0.140625
0 0.9591346153846154 0.8028846153846154 0.04807692307692308 0.14302884615384615
0 0.5444711538461539 0.609375 0.054086538461538464 0.11298076923076923
0 0.53125 0.7211538461538461 0.07692307692307693 0.06009615384615385
0 0.5120192307692307 0.7836538461538461 0.08052884615384616 0.09735576923076923
0 0.28125 0.6646634615384616 0.04447115384615385 0.13221153846153846
0 0.22596153846153846 0.6911057692307693 0.039663461538461536 0.0673076923076923
0 0.16947115384615385 0.7355769230769231 0.054086538461538464 0.09375
0 0.06129807692307692 0.7439903846153846 0.057692307692307696 0.1141826923076923
0 0.09375 0.5817307692307693 0.08533653846153846 0.11778846153846154
0 0.11658653846153846 0.4411057692307692 0.09495192307692307 0.10817307692307693
0 0.06850961538461539 0.3762019230769231 0.04567307692307692 0.07091346153846154
0 0.17067307692307693 0.3161057692307692 0.0889423076923077 0.109375
0 0.24759615384615385 0.47596153846153844 0.0889423076923077 0.125
0 0.41947115384615385 0.48197115384615385 0.051682692307692304 0.07451923076923077
0 0.36538461538461536 0.47115384615384615 0.04807692307692308 0.07451923076923077
0 0.41346153846153844 0.4170673076923077 0.04326923076923077 0.06610576923076923
0 0.5084134615384616 0.3245192307692308 0.0733173076923077 0.109375
0 0.7259615384615384 0.3329326923076923 0.05048076923076923 0.07451923076923077
0 0.8173076923076923 0.38221153846153844 0.055288461538461536 0.10216346153846154
0 0.8677884615384616 0.375 0.06490384615384616 0.0889423076923077
0 0.9375 0.36538461538461536 0.07692307692307693 0.07692307692307693
0 0.8882211538461539 0.30528846153846156 0.10576923076923077 0.09375