0 0.32211538461538464 0.12740384615384615 0.046875 0.07091346153846154
0 0.7524038461538461 0.18629807692307693 0.0673076923076923 0.10096153846153846
0 0.07451923076923077 0.6526442307692307 0.07211538461538461 0.08173076923076923
0 0.10697115384615384 0.5889423076923077 0.0733173076923077 0.08052884615384616
0 0.1201923076923077 0.5408653846153846 0.04567307692307692 0.037259615384615384
0 0.27163461538461536 0.36538461538461536 0.0733173076923077 0.0673076923076923
0 0.3137019230769231 0.4050480769230769 0.04447115384615385 0.03485576923076923
0 0.37259615384615385 0.36177884615384615 0.056490384615384616 0.09254807692307693
0 0.3737980769230769 0.4651442307692308 0.0625 0.07091346153846154
0 0.4579326923076923 0.43509615384615385 0.05048076923076923 0.05048076923076923
0 0.5552884615384616 0.4495192307692308 0.078125 0.04567307692307692
0 0.421875 0.5637019230769231 0.08653846153846154 0.06850961538461539
0 0.44711538461538464 0.6466346153846154 0.06009615384615385 0.04567307692307692
0 0.5276442307692307 0.5528846153846154 0.06610576923076923 0.0625
0 0.6706730769230769 0.5132211538461539 0.06009615384615385 0.055288461538461536
0 0.7367788461538461 0.48197115384615385 0.06129807692307692 0.06850961538461539
0 0.7079326923076923 0.5997596153846154 0.037259615384615384 0.04567307692307692
0 0.8209134615384616 0.4987980769230769 0.056490384615384616 0.0625
0 0.7824519230769231 0.5709134615384616 0.078125 0.06490384615384616
0 0.8485576923076923 0.5697115384615384 0.06610576923076923 0.051682692307692304
0 0.8786057692307693 0.609375 0.08653846153846154 0.0673076923076923