0 0.0625 0.14543269230769232 0.051682692307692304 0.06009615384615385
0 0.08533653846153846 0.13221153846153846 0.014423076923076924 0.056490384615384616
0 0.09975961538461539 0.13701923076923078 0.026442307692307692 0.07091346153846154
0 0.09014423076923077 0.18629807692307693 0.021634615384615384 0.05889423076923077
0 0.10697115384615384 0.2091346153846154 0.027644230769230768 0.0829326923076923
0 0.12860576923076922 0.2824519230769231 0.037259615384615384 0.039663461538461536
0 0.13942307692307693 0.2439903846153846 0.016826923076923076 0.06009615384615385
0 0.1466346153846154 0.18509615384615385 0.03125 0.0673076923076923
0 0.17908653846153846 0.23918269230769232 0.028846153846153848 0.07451923076923077
0 0.18389423076923078 0.4423076923076923 0.027644230769230768 0.0829326923076923
0 0.19831730769230768 0.3798076923076923 0.026442307692307692 0.05889423076923077
0 0.22235576923076922 0.3954326923076923 0.037259615384615384 0.056490384615384616
0 0.24158653846153846 0.4326923076923077 0.036057692307692304 0.0625
0 0.2247596153846154 0.33533653846153844 0.016826923076923076 0.0625
0 0.23677884615384615 0.3004807692307692 0.025240384615384616 0.038461538461538464
0 0.24759615384615385 0.26802884615384615 0.04326923076923077 0.051682692307692304
0 0.29086538461538464 0.4098557692307692 0.027644230769230768 0.028846153846153848
0 0.35096153846153844 0.3545673076923077 0.026442307692307692 0.09134615384615384
0 0.2956730769230769 0.4387019230769231 0.030048076923076924 0.04807692307692308
0 0.2764423076923077 0.48677884615384615 0.019230769230769232 0.0625
0 0.2848557692307692 0.625 0.03485576923076923 0.051682692307692304
0 0.2980769230769231 0.46033653846153844 0.03365384615384615 0.04326923076923077
0 0.3088942307692308 0.484375 0.030048076923076924 0.05048076923076923
0 0.3269230769230769 0.4879807692307692 0.03245192307692308 0.06610576923076923
0 0.36538461538461536 0.44711538461538464 0.036057692307692304 0.055288461538461536
0 0.35216346153846156 0.5012019230769231 0.027644230769230768 0.06370192307692307
0 0.41346153846153844 0.4326923076923077 0.039663461538461536 0.06009615384615385
0 0.421875 0.5336538461538461 0.039663461538461536 0.0625
0 0.375 0.5492788461538461 0.021634615384615384 0.04326923076923077
0 0.36658653846153844 0.5973557692307693 0.03365384615384615 0.04326923076923077
0 0.3317307692307692 0.5889423076923077 0.04326923076923077 0.07572115384615384
0 0.4014423076923077 0.5889423076923077 0.037259615384615384 0.06370192307692307
0 0.4362980769230769 0.6177884615384616 0.042067307692307696 0.04447115384615385
0 0.3858173076923077 0.7067307692307693 0.03245192307692308 0.056490384615384616
0 0.3762019230769231 0.7728365384615384 0.019230769230769232 0.09014423076923077
0 0.4098557692307692 0.7319711538461539 0.03485576923076923 0.039663461538461536
0 0.4423076923076923 0.7079326923076923 0.028846153846153848 0.039663461538461536
0 0.48197115384615385 0.6983173076923077 0.030048076923076924 0.04807692307692308
0 0.4483173076923077 0.6802884615384616 0.027644230769230768 0.036057692307692304
0 0.41466346153846156 0.6959134615384616 0.016826923076923076 0.036057692307692304
0 0.47115384615384615 0.7379807692307693 0.03245192307692308 0.020432692307692308
0 0.5 0.8413461538461539 0.027644230769230768 0.08413461538461539
0 0.4807692307692308 0.6310096153846154 0.03125 0.06009615384615385
0 0.4795673076923077 0.5240384615384616 0.04326923076923077 0.0673076923076923
0 0.5252403846153846 0.48677884615384615 0.039663461538461536 0.06850961538461539
0 0.5072115384615384 0.6802884615384616 0.018028846153846152 0.051682692307692304
0 0.5288461538461539 0.6658653846153846 0.019230769230769232 0.04447115384615385
0 0.5540865384615384 0.6394230769230769 0.03365384615384615 0.08052884615384616
0 0.5901442307692307 0.6466346153846154 0.03485576923076923 0.036057692307692304
0 0.5997596153846154 0.6033653846153846 0.028846153846153848 0.039663461538461536
0 0.6033653846153846 0.5120192307692307 0.04326923076923077 0.08052884615384616
0 0.6358173076923077 0.6442307692307693 0.037259615384615384 0.08413461538461539
0 0.6189903846153846 0.7199519230769231 0.030048076923076924 0.0673076923076923
0 0.6021634615384616 0.734375 0.02403846153846154 0.056490384615384616
0 0.6466346153846154 0.6911057692307693 0.028846153846153848 0.03245192307692308
0 0.6766826923076923 0.59375 0.03245192307692308 0.04447115384615385
0 0.6610576923076923 0.5528846153846154 0.039663461538461536 0.046875
0 0.6802884615384616 0.6754807692307693 0.038461538461538464 0.05048076923076923
0 0.7163461538461539 0.44471153846153844 0.03485576923076923 0.054086538461538464
0 0.7596153846153846 0.4266826923076923 0.03245192307692308 0.0673076923076923
0 0.7872596153846154 0.328125 0.02283653846153846 0.038461538461538464
0 0.8581730769230769 0.3641826923076923 0.025240384615384616 0.09375
0 0.7524038461538461 0.5444711538461539 0.038461538461538464 0.05048076923076923
0 0.7235576923076923 0.5673076923076923 0.03365384615384615 0.04447115384615385
0 0.7548076923076923 0.7043269230769231 0.030048076923076924 0.07572115384615384
0 0.7319711538461539 0.6899038461538461 0.016826923076923076 0.027644230769230768
0 0.7668269230769231 0.59375 0.036057692307692304 0.05889423076923077
0 0.8040865384615384 0.5108173076923077 0.04447115384615385 0.040865384615384616
0 0.7980769230769231 0.5889423076923077 0.030048076923076924 0.03485576923076923
0 0.7920673076923077 0.6622596153846154 0.026442307692307692 0.055288461538461536
0 0.8233173076923077 0.6466346153846154 0.037259615384615384 0.078125
0 0.859375 0.6069711538461539 0.03365384615384615 0.046875
0 0.8629807692307693 0.5552884615384616 0.042067307692307696 0.07572115384615384
0 0.8485576923076923 0.515625 0.018028846153846152 0.07572115384615384
0 0.8425480769230769 0.4423076923076923 0.01201923076923077 0.046875