0 0.11057692307692307 0.49278846153846156 0.07451923076923077 0.06971153846153846
0 0.16105769230769232 0.39663461538461536 0.08774038461538461 0.09134615384615384
0 0.2283653846153846 0.6526442307692307 0.10576923076923077 0.10216346153846154
0 0.30408653846153844 0.625 0.057692307692307696 0.09134615384615384
0 0.25 0.5973557692307693 0.07451923076923077 0.0625
0 0.3557692307692308 0.5456730769230769 0.08533653846153846 0.09975961538461539
0 0.41947115384615385 0.5120192307692307 0.05889423076923077 0.0625
0 0.4266826923076923 0.5721153846153846 0.056490384615384616 0.036057692307692304
0 0.4675480769230769 0.609375 0.09735576923076923 0.0625
0 0.47475961538461536 0.5456730769230769 0.051682692307692304 0.046875
0 0.546875 0.5540865384615384 0.0733173076923077 0.05889423076923077
0 0.6081730769230769 0.5829326923076923 0.109375 0.0733173076923077
0 0.6454326923076923 0.6490384615384616 0.0889423076923077 0.07211538461538461
0 0.8052884615384616 0.7560096153846154 0.09615384615384616 0.0733173076923077
0 0.9074519230769231 0.5276442307692307 0.0985576923076923 0.06971153846153846
0 0.7247596153846154 0.5721153846153846 0.09254807692307693 0.07932692307692307
0 0.6586538461538461 0.4855769230769231 0.10216346153846154 0.08533653846153846
0 0.6334134615384616 0.4098557692307692 0.06009615384615385 0.055288461538461536
0 0.6057692307692307 0.3425480769230769 0.04567307692307692 0.051682692307692304
0 0.5444711538461539 0.36658653846153844 0.0829326923076923 0.07211538461538461
0 0.47716346153846156 0.3389423076923077 0.046875 0.055288461538461536
0 0.640625 0.2644230769230769 0.06129807692307692 0.0625
0 0.65625 0.3004807692307692 0.057692307692307696 0.051682692307692304
0 0.7091346153846154 0.3329326923076923 0.08413461538461539 0.06850961538461539