0 0.10697115384615384 0.4951923076923077 0.07932692307692307 0.08052884615384616
0 0.15625 0.40384615384615385 0.10697115384615384 0.09134615384615384
0 0.2283653846153846 0.6502403846153846 0.10817307692307693 0.11658653846153846
0 0.29447115384615385 0.6274038461538461 0.06009615384615385 0.06610576923076923
0 0.24278846153846154 0.5817307692307693 0.078125 0.051682692307692304
0 0.3605769230769231 0.5576923076923077 0.08173076923076923 0.10576923076923077
0 0.40865384615384615 0.5024038461538461 0.08653846153846154 0.06009615384615385
0 0.4338942307692308 0.5649038461538461 0.06129807692307692 0.036057692307692304
0 0.46634615384615385 0.6117788461538461 0.09375 0.09134615384615384
0 0.47475961538461536 0.5408653846153846 0.05048076923076923 0.05048076923076923
0 0.5492788461538461 0.5528846153846154 0.07932692307692307 0.055288461538461536
0 0.5492788461538461 0.6045673076923077 0.04807692307692308 0.027644230769230768
0 0.6069711538461539 0.5769230769230769 0.06610576923076923 0.06610576923076923
0 0.6466346153846154 0.6538461538461539 0.10096153846153846 0.08052884615384616
0 0.6814903846153846 0.6021634615384616 0.046875 0.03245192307692308
0 0.8088942307692307 0.7439903846153846 0.11538461538461539 0.08774038461538461
0 0.7163461538461539 0.5685096153846154 0.08173076923076923 0.07572115384615384
0 0.9158653846153846 0.5240384615384616 0.07091346153846154 0.05889423076923077
0 0.6574519230769231 0.47836538461538464 0.09134615384615384 0.08413461538461539
0 0.6334134615384616 0.41466346153846156 0.06850961538461539 0.06009615384615385
0 0.6009615384615384 0.35096153846153844 0.04326923076923077 0.03365384615384615
0 0.5504807692307693 0.3629807692307692 0.06850961538461539 0.09735576923076923
0 0.48197115384615385 0.3449519230769231 0.055288461538461536 0.06129807692307692
0 0.6358173076923077 0.27283653846153844 0.06490384615384616 0.10096153846153846
0 0.6610576923076923 0.3125 0.040865384615384616 0.06370192307692307
0 0.6923076923076923 0.29927884615384615 0.06490384615384616 0.040865384615384616
0 0.7163461538461539 0.34375 0.07211538461538461 0.06490384615384616