0 0.1045673076923077 0.49759615384615385 0.0829326923076923 0.0829326923076923
0 0.17307692307692307 0.40384615384615385 0.11177884615384616 0.12620192307692307
0 0.23317307692307693 0.6550480769230769 0.09735576923076923 0.11298076923076923
0 0.2536057692307692 0.5901442307692307 0.07572115384615384 0.07091346153846154
0 0.29086538461538464 0.6346153846153846 0.06490384615384616 0.06971153846153846
0 0.34975961538461536 0.546875 0.09375 0.10817307692307693
0 0.40865384615384615 0.5048076923076923 0.07572115384615384 0.09735576923076923
0 0.4338942307692308 0.5564903846153846 0.04927884615384615 0.04567307692307692
0 0.4651442307692308 0.6045673076923077 0.0829326923076923 0.07091346153846154
0 0.47596153846153844 0.5504807692307693 0.04326923076923077 0.06490384615384616
0 0.4735576923076923 0.3557692307692308 0.036057692307692304 0.08774038461538461
0 0.5432692307692307 0.37259615384615385 0.07211538461538461 0.0829326923076923
0 0.6045673076923077 0.35336538461538464 0.04326923076923077 0.05048076923076923
0 0.6394230769230769 0.40384615384615385 0.0889423076923077 0.03245192307692308
0 0.6526442307692307 0.46875 0.10336538461538461 0.04807692307692308
0 0.5444711538461539 0.546875 0.0829326923076923 0.056490384615384616
0 0.6057692307692307 0.5757211538461539 0.10336538461538461 0.08052884615384616
0 0.6514423076923077 0.6418269230769231 0.10576923076923077 0.06971153846153846
0 0.7235576923076923 0.5528846153846154 0.0829326923076923 0.056490384615384616
0 0.8028846153846154 0.7475961538461539 0.07451923076923077 0.078125
0 0.9038461538461539 0.5300480769230769 0.07692307692307693 0.0889423076923077
0 0.7223557692307693 0.3641826923076923 0.09254807692307693 0.09615384615384616
0 0.7067307692307693 0.3161057692307692 0.06490384615384616 0.06129807692307692
0 0.6670673076923077 0.3125 0.04927884615384615 0.04807692307692308
0 0.6442307692307693 0.26802884615384615 0.06370192307692307 0.04807692307692308