0 0.26802884615384615 0.5757211538461539 0.11538461538461539 0.10336538461538461
0 0.36778846153846156 0.6430288461538461 0.11778846153846154 0.11538461538461539
0 0.4098557692307692 0.5444711538461539 0.1045673076923077 0.09254807692307693
0 0.46634615384615385 0.6310096153846154 0.0889423076923077 0.06610576923076923
0 0.4423076923076923 0.5060096153846154 0.08052884615384616 0.08052884615384616
0 0.5564903846153846 0.5216346153846154 0.09254807692307693 0.0889423076923077
0 0.4891826923076923 0.5348557692307693 0.0625 0.0733173076923077
0 0.5829326923076923 0.5721153846153846 0.07692307692307693 0.09615384615384616
0 0.6430288461538461 0.4831730769230769 0.08173076923076923 0.09735576923076923
0 0.6802884615384616 0.546875 0.056490384615384616 0.125
0 0.7199519230769231 0.5 0.039663461538461536 0.078125
0 0.7632211538461539 0.5216346153846154 0.040865384615384616 0.09975961538461539
0 0.8233173076923077 0.5024038461538461 0.05048076923076923 0.08774038461538461
0 0.8028846153846154 0.5853365384615384 0.0673076923076923 0.11177884615384616