0 0.13942307692307693 0.4326923076923077 0.11177884615384616 0.11538461538461539
0 0.13701923076923078 0.5564903846153846 0.078125 0.10096153846153846
0 0.20793269230769232 0.6262019230769231 0.11177884615384616 0.1778846153846154
0 0.24278846153846154 0.53125 0.057692307692307696 0.04927884615384615
0 0.3293269230769231 0.4387019230769231 0.09134615384615384 0.140625
0 0.3425480769230769 0.34134615384615385 0.07932692307692307 0.10096153846153846
0 0.37259615384615385 0.20432692307692307 0.07211538461538461 0.10336538461538461
0 0.5420673076923077 0.09254807692307693 0.055288461538461536 0.0733173076923077
0 0.5444711538461539 0.15985576923076922 0.0733173076923077 0.07692307692307693
0 0.42788461538461536 0.484375 0.09615384615384616 0.18269230769230768
0 0.5853365384615384 0.3737980769230769 0.09134615384615384 0.140625
0 0.6514423076923077 0.4110576923076923 0.08653846153846154 0.1346153846153846
0 0.7211538461538461 0.43028846153846156 0.10697115384615384 0.1658653846153846
0 0.8137019230769231 0.328125 0.056490384615384616 0.13221153846153846
0 0.5372596153846154 0.5504807692307693 0.06850961538461539 0.08173076923076923
0 0.5841346153846154 0.5757211538461539 0.0985576923076923 0.09615384615384616
0 0.5120192307692307 0.6466346153846154 0.0829326923076923 0.06971153846153846
0 0.5805288461538461 0.734375 0.07932692307692307 0.13822115384615385
0 0.7596153846153846 0.6862980769230769 0.13221153846153846 0.12740384615384615
0 0.7259615384615384 0.7980769230769231 0.09975961538461539 0.1201923076923077
0 0.7716346153846154 0.8173076923076923 0.07091346153846154 0.09615384615384616