0 0.26322115384615385 0.40024038461538464 0.036057692307692304 0.03125
0 0.3317307692307692 0.2848557692307692 0.019230769230769232 0.021634615384615384
0 0.35697115384615385 0.328125 0.028846153846153848 0.028846153846153848
0 0.31850961538461536 0.30288461538461536 0.013221153846153846 0.016826923076923076
0 0.36778846153846156 0.2980769230769231 0.021634615384615384 0.018028846153846152
0 0.3641826923076923 0.28365384615384615 0.01201923076923077 0.013221153846153846
0 0.36658653846153844 0.2692307692307692 0.026442307692307692 0.020432692307692308
0 0.4074519230769231 0.28125 0.014423076923076924 0.020432692307692308
0 0.4254807692307692 0.2980769230769231 0.016826923076923076 0.025240384615384616
0 0.5024038461538461 0.2800480769230769 0.019230769230769232 0.015625
0 0.5228365384615384 0.24639423076923078 0.015625 0.018028846153846152
0 0.5084134615384616 0.36177884615384615 0.013221153846153846 0.025240384615384616
0 0.6105769230769231 0.36778846153846156 0.016826923076923076 0.014423076923076924
0 0.6778846153846154 0.31009615384615385 0.02403846153846154 0.020432692307692308
0 0.78125 0.2956730769230769 0.03245192307692308 0.020432692307692308
0 0.7884615384615384 0.31490384615384615 0.015625 0.013221153846153846
0 0.8425480769230769 0.3269230769230769 0.007211538461538462 0.018028846153846152
0 0.8605769230769231 0.3293269230769231 0.009615384615384616 0.010817307692307692
0 0.8701923076923077 0.3557692307692308 0.008413461538461538 0.01201923076923077
0 0.8954326923076923 0.35336538461538464 0.026442307692307692 0.021634615384615384
0 0.5 0.46634615384615385 0.042067307692307696 0.039663461538461536