0 0.45072115384615385 0.9567307692307693 0.018028846153846152 0.021634615384615384
0 0.5348557692307693 0.8293269230769231 0.027644230769230768 0.016826923076923076
0 0.4254807692307692 0.8521634615384616 0.027644230769230768 0.021634615384615384
0 0.4182692307692308 0.8161057692307693 0.027644230769230768 0.018028846153846152
0 0.4254807692307692 0.7884615384615384 0.027644230769230768 0.014423076923076924
0 0.4206730769230769 0.7764423076923077 0.028846153846153848 0.014423076923076924
0 0.41466346153846156 0.7548076923076923 0.026442307692307692 0.015625
0 0.41947115384615385 0.7235576923076923 0.020432692307692308 0.014423076923076924
0 0.40384615384615385 0.6959134615384616 0.039663461538461536 0.018028846153846152
0 0.39783653846153844 0.3076923076923077 0.026442307692307692 0.018028846153846152
0 0.4170673076923077 0.30408653846153844 0.038461538461538464 0.01201923076923077
0 0.41586538461538464 0.29086538461538464 0.046875 0.013221153846153846
0 0.609375 0.32211538461538464 0.057692307692307696 0.015625
0 0.484375 0.28846153846153844 0.036057692307692304 0.01201923076923077
0 0.49759615384615385 0.2764423076923077 0.027644230769230768 0.020432692307692308
0 0.5180288461538461 0.2800480769230769 0.028846153846153848 0.013221153846153846
0 0.5396634615384616 0.27524038461538464 0.016826923076923076 0.010817307692307692
0 0.5552884615384616 0.2800480769230769 0.02283653846153846 0.014423076923076924
0 0.5757211538461539 0.2932692307692308 0.038461538461538464 0.010817307692307692
0 0.5925480769230769 0.2824519230769231 0.030048076923076924 0.013221153846153846
0 0.6586538461538461 0.2848557692307692 0.015625 0.015625
0 0.7067307692307693 0.30288461538461536 0.042067307692307696 0.016826923076923076
0 0.7439903846153846 0.30408653846153844 0.021634615384615384 0.009615384615384616
0 0.7475961538461539 0.2848557692307692 0.03125 0.01201923076923077
0 0.9543269230769231 0.20552884615384615 0.028846153846153848 0.013221153846153846
0 0.9326923076923077 0.19230769230769232 0.03245192307692308 0.013221153846153846
0 0.9519230769230769 0.18870192307692307 0.02283653846153846 0.013221153846153846
0 0.9867788461538461 0.1814903846153846 0.026442307692307692 0.007211538461538462
0 0.953125 0.17668269230769232 0.013221153846153846 0.008413461538461538
0 0.9230769230769231 0.1622596153846154 0.03485576923076923 0.014423076923076924
0 0.9483173076923077 0.16105769230769232 0.021634615384615384 0.014423076923076924
0 0.9699519230769231 0.16947115384615385 0.016826923076923076 0.010817307692307692
0 0.9891826923076923 0.15985576923076922 0.019230769230769232 0.014423076923076924
0 0.45552884615384615 0.2283653846153846 0.027644230769230768 0.013221153846153846
0 0.2980769230769231 0.2127403846153846 0.02403846153846154 0.010817307692307692
0 0.3173076923076923 0.20072115384615385 0.04447115384615385 0.013221153846153846
0 0.2980769230769231 0.18269230769230768 0.014423076923076924 0.013221153846153846
0 0.3173076923076923 0.17668269230769232 0.021634615384615384 0.010817307692307692
0 0.3233173076923077 0.18870192307692307 0.03485576923076923 0.009615384615384616
0 0.3581730769230769 0.16706730769230768 0.02283653846153846 0.008413461538461538
0 0.3545673076923077 0.19110576923076922 0.026442307692307692 0.016826923076923076
0 0.3737980769230769 0.18870192307692307 0.015625 0.010817307692307692
0 0.38461538461538464 0.18028846153846154 0.019230769230769232 0.010817307692307692
0 0.39783653846153844 0.17908653846153846 0.025240384615384616 0.01201923076923077
0 0.40024038461538464 0.1935096153846154 0.030048076923076924 0.006009615384615385
0 0.4254807692307692 0.18990384615384615 0.006009615384615385 0.016826923076923076
0 0.4098557692307692 0.15264423076923078 0.027644230769230768 0.015625
0 0.42427884615384615 0.13341346153846154 0.016826923076923076 0.014423076923076924
0 0.44471153846153844 0.13942307692307693 0.028846153846153848 0.014423076923076924
0 0.4098557692307692 0.11778846153846154 0.018028846153846152 0.021634615384615384
0 0.5516826923076923 0.08173076923076923 0.026442307692307692 0.016826923076923076
0 0.6009615384615384 0.07572115384615384 0.028846153846153848 0.016826923076923076
0 0.6201923076923077 0.07211538461538461 0.014423076923076924 0.018028846153846152
0 0.6069711538461539 0.042067307692307696 0.025240384615384616 0.014423076923076924
0 0.6586538461538461 0.040865384615384616 0.030048076923076924 0.016826923076923076
0 0.6694711538461539 0.010817307692307692 0.04326923076923077 0.016826923076923076
0 0.7151442307692307 0.030048076923076924 0.03485576923076923 0.015625
0 0.8112980769230769 0.03125 0.03245192307692308 0.016826923076923076
0 0.8810096153846154 0.056490384615384616 0.036057692307692304 0.020432692307692308
0 0.9254807692307693 0.06610576923076923 0.04927884615384615 0.021634615384615384
0 0.9254807692307693 0.05048076923076923 0.039663461538461536 0.015625
0 0.9675480769230769 0.06610576923076923 0.028846153846153848 0.018028846153846152
0 0.8798076923076923 0.08533653846153846 0.026442307692307692 0.015625
0 0.9098557692307693 0.07932692307692307 0.025240384615384616 0.021634615384615384
0 0.9146634615384616 0.0985576923076923 0.03245192307692308 0.010817307692307692
0 0.796875 0.10096153846153846 0.020432692307692308 0.015625
0 0.7391826923076923 0.06850961538461539 0.021634615384615384 0.01201923076923077
0 0.7692307692307693 0.05889423076923077 0.015625 0.013221153846153846
0 0.7932692307692307 0.11778846153846154 0.02283653846153846 0.009615384615384616
0 0.8341346153846154 0.12379807692307693 0.019230769230769232 0.014423076923076924
0 0.8569711538461539 0.109375 0.04447115384615385 0.014423076923076924
0 0.875 0.11658653846153846 0.02403846153846154 0.019230769230769232
0 0.8713942307692307 0.0985576923076923 0.015625 0.013221153846153846