0 0.13942307692307693 0.4483173076923077 0.036057692307692304 0.054086538461538464
0 0.15985576923076922 0.3786057692307692 0.04927884615384615 0.07211538461538461
0 0.2800480769230769 0.3954326923076923 0.037259615384615384 0.07932692307692307
0 0.33774038461538464 0.40625 0.03245192307692308 0.0889423076923077
0 0.43509615384615385 0.34375 0.037259615384615384 0.08052884615384616
0 0.31009615384615385 0.4735576923076923 0.025240384615384616 0.054086538461538464
0 0.3293269230769231 0.5408653846153846 0.02403846153846154 0.09134615384615384
0 0.3545673076923077 0.59375 0.04807692307692308 0.1045673076923077
0 0.4098557692307692 0.5588942307692307 0.038461538461538464 0.04807692307692308
0 0.40625 0.6370192307692307 0.027644230769230768 0.08173076923076923
0 0.43149038461538464 0.47115384615384615 0.038461538461538464 0.0733173076923077
0 0.46033653846153844 0.5336538461538461 0.027644230769230768 0.0985576923076923
0 0.5444711538461539 0.546875 0.06971153846153846 0.05048076923076923
0 0.5829326923076923 0.6141826923076923 0.051682692307692304 0.07091346153846154
0 0.5721153846153846 0.6959134615384616 0.046875 0.06610576923076923