0 0.5576923076923077 0.48677884615384615 0.025240384615384616 0.04807692307692308
0 0.5745192307692307 0.49158653846153844 0.014423076923076924 0.03125
0 0.5949519230769231 0.47836538461538464 0.028846153846153848 0.051682692307692304
0 0.6322115384615384 0.46153846153846156 0.021634615384615384 0.036057692307692304
0 0.6526442307692307 0.44471153846153844 0.046875 0.046875
0 0.6814903846153846 0.421875 0.038461538461538464 0.037259615384615384
0 0.6838942307692307 0.44591346153846156 0.01201923076923077 0.028846153846153848
0 0.7103365384615384 0.44350961538461536 0.03245192307692308 0.040865384615384616
0 0.7355769230769231 0.4098557692307692 0.028846153846153848 0.037259615384615384
0 0.7572115384615384 0.421875 0.04447115384615385 0.054086538461538464
0 0.8064903846153846 0.4375 0.019230769230769232 0.03125
0 0.7716346153846154 0.3137019230769231 0.03365384615384615 0.05048076923076923
0 0.4807692307692308 0.3870192307692308 0.028846153846153848 0.04326923076923077
0 0.609375 0.20432692307692307 0.030048076923076924 0.03125
0 0.5480769230769231 0.1658653846153846 0.018028846153846152 0.021634615384615384
0 0.38341346153846156 0.3125 0.020432692307692308 0.02403846153846154
0 0.3557692307692308 0.30288461538461536 0.015625 0.025240384615384616
0 0.34615384615384615 0.3016826923076923 0.020432692307692308 0.030048076923076924
0 0.28966346153846156 0.3076923076923077 0.020432692307692308 0.030048076923076924
0 0.2620192307692308 0.2920673076923077 0.028846153846153848 0.03245192307692308
0 0.22956730769230768 0.296875 0.013221153846153846 0.014423076923076924
0 0.23798076923076922 0.296875 0.007211538461538462 0.028846153846153848
0 0.20552884615384615 0.2932692307692308 0.02403846153846154 0.03365384615384615
0 0.13701923076923078 0.22115384615384615 0.025240384615384616 0.037259615384615384