0 0.08774038461538461 0.20673076923076922 0.13942307692307693 0.15504807692307693
0 0.42788461538461536 0.17307692307692307 0.08774038461538461 0.12620192307692307
0 0.0889423076923077 0.6165865384615384 0.11538461538461539 0.11298076923076923
0 0.09375 0.7596153846153846 0.057692307692307696 0.1201923076923077
0 0.16706730769230768 0.7103365384615384 0.052884615384615384 0.16105769230769232
0 0.24759615384615385 0.71875 0.09014423076923077 0.16947115384615385
0 0.3329326923076923 0.8269230769230769 0.06610576923076923 0.2536057692307692
0 0.5120192307692307 0.7584134615384616 0.06370192307692307 0.19230769230769232
0 0.6370192307692307 0.6646634615384616 0.07451923076923077 0.27884615384615385
0 0.7283653846153846 0.8737980769230769 0.07211538461538461 0.22716346153846154
0 0.8870192307692307 0.5745192307692307 0.0985576923076923 0.22115384615384615
0 0.5841346153846154 0.5612980769230769 0.052884615384615384 0.21153846153846154
0 0.5444711538461539 0.5661057692307693 0.046875 0.12860576923076922
0 0.5084134615384616 0.6189903846153846 0.057692307692307696 0.07091346153846154
0 0.4423076923076923 0.609375 0.1201923076923077 0.20432692307692307
0 0.3329326923076923 0.5973557692307693 0.0889423076923077 0.0889423076923077
0 0.25 0.6237980769230769 0.09254807692307693 0.13942307692307693
0 0.26802884615384615 0.5048076923076923 0.07451923076923077 0.09735576923076923
0 0.3485576923076923 0.49759615384615385 0.125 0.12139423076923077
0 0.46875 0.4879807692307692 0.08774038461538461 0.09615384615384616
0 0.5673076923076923 0.13581730769230768 0.10096153846153846 0.09615384615384616
0 0.5985576923076923 0.25 0.0889423076923077 0.13822115384615385
0 0.6394230769230769 0.1875 0.0829326923076923 0.06971153846153846
0 0.6586538461538461 0.14423076923076922 0.055288461538461536 0.06610576923076923
0 0.6754807692307693 0.23317307692307693 0.09975961538461539 0.07692307692307693
0 0.7259615384615384 0.28966346153846156 0.12139423076923077 0.13822115384615385
0 0.7007211538461539 0.17427884615384615 0.10697115384615384 0.0889423076923077
0 0.7680288461538461 0.14543269230769232 0.07572115384615384 0.08173076923076923
0 0.8149038461538461 0.23317307692307693 0.1201923076923077 0.11177884615384616
0 0.8629807692307693 0.17548076923076922 0.07211538461538461 0.07692307692307693
0 0.9182692307692307 0.09014423076923077 0.11778846153846154 0.09014423076923077
0 0.9290865384615384 0.21514423076923078 0.0673076923076923 0.07451923076923077
0 0.9663461538461539 0.13341346153846154 0.0673076923076923 0.07451923076923077
0 0.9158653846153846 0.14783653846153846 0.046875 0.056490384615384616