0 0.008413461538461538 0.41586538461538464 0.016826923076923076 0.06129807692307692
0 0.1045673076923077 0.4795673076923077 0.025240384615384616 0.054086538461538464
0 0.14302884615384615 0.4879807692307692 0.036057692307692304 0.03245192307692308
0 0.10096153846153846 0.6382211538461539 0.04807692307692308 0.056490384615384616
0 0.21875 0.6370192307692307 0.03245192307692308 0.03245192307692308
0 0.23677884615384615 0.6754807692307693 0.039663461538461536 0.04807692307692308
0 0.2644230769230769 0.6490384615384616 0.021634615384615384 0.036057692307692304
0 0.2956730769230769 0.6490384615384616 0.057692307692307696 0.06370192307692307
0 0.2848557692307692 0.9375 0.042067307692307696 0.04567307692307692
0 0.30408653846153844 0.9074519230769231 0.028846153846153848 0.038461538461538464
0 0.3137019230769231 0.9759615384615384 0.07572115384615384 0.038461538461538464
0 0.36658653846153844 0.9350961538461539 0.03365384615384615 0.07692307692307693
0 0.4182692307692308 0.9110576923076923 0.026442307692307692 0.04927884615384615
0 0.5180288461538461 0.9507211538461539 0.026442307692307692 0.04567307692307692
0 0.5901442307692307 0.9663461538461539 0.036057692307692304 0.042067307692307696
0 0.5444711538461539 0.8978365384615384 0.057692307692307696 0.06490384615384616
0 0.47596153846153844 0.8882211538461539 0.03125 0.038461538461538464
0 0.4807692307692308 0.84375 0.056490384615384616 0.03485576923076923
0 0.4651442307692308 0.7992788461538461 0.05048076923076923 0.036057692307692304
0 0.5661057692307693 0.8689903846153846 0.021634615384615384 0.03485576923076923
0 0.5300480769230769 0.8245192307692307 0.025240384615384616 0.040865384615384616
0 0.5649038461538461 0.8269230769230769 0.030048076923076924 0.046875
0 0.5949519230769231 0.8052884615384616 0.030048076923076924 0.06610576923076923
0 0.6298076923076923 0.7800480769230769 0.03485576923076923 0.036057692307692304
0 0.28966346153846156 0.5 0.05048076923076923 0.06370192307692307
0 0.3786057692307692 0.6081730769230769 0.04567307692307692 0.04326923076923077
0 0.5997596153846154 0.6346153846153846 0.04567307692307692 0.05889423076923077
0 0.6875 0.6478365384615384 0.028846153846153848 0.06610576923076923
0 0.8004807692307693 0.5997596153846154 0.038461538461538464 0.036057692307692304
0 0.7668269230769231 0.5733173076923077 0.028846153846153848 0.04927884615384615
0 0.7608173076923077 0.5504807692307693 0.025240384615384616 0.040865384615384616
0 0.7199519230769231 0.5625 0.02403846153846154 0.037259615384615384
0 0.6935096153846154 0.5817307692307693 0.028846153846153848 0.04567307692307692
0 0.6742788461538461 0.5817307692307693 0.03485576923076923 0.04567307692307692
0 0.6538461538461539 0.5552884615384616 0.036057692307692304 0.025240384615384616
0 0.6334134615384616 0.5829326923076923 0.026442307692307692 0.042067307692307696
0 0.6814903846153846 0.4423076923076923 0.03245192307692308 0.052884615384615384
0 0.6802884615384616 0.3942307692307692 0.04927884615384615 0.042067307692307696
0 0.7704326923076923 0.44591346153846156 0.037259615384615384 0.06370192307692307
0 0.7367788461538461 0.35697115384615385 0.03125 0.055288461538461536
0 0.7560096153846154 0.28846153846153844 0.025240384615384616 0.036057692307692304
0 0.8185096153846154 0.32572115384615385 0.026442307692307692 0.055288461538461536
0 0.8894230769230769 0.07932692307692307 0.030048076923076924 0.052884615384615384
0 0.9302884615384616 0.1622596153846154 0.026442307692307692 0.030048076923076924
0 0.9459134615384616 0.2091346153846154 0.039663461538461536 0.036057692307692304
0 0.8016826923076923 0.125 0.021634615384615384 0.05889423076923077
0 0.7920673076923077 0.07451923076923077 0.018028846153846152 0.03245192307692308
0 0.8485576923076923 0.11658653846153846 0.02403846153846154 0.03485576923076923
0 0.7451923076923077 0.6153846153846154 0.05048076923076923 0.046875
0 0.5384615384615384 0.5973557692307693 0.020432692307692308 0.038461538461538464
0 0.46033653846153844 0.5925480769230769 0.014423076923076924 0.056490384615384616
0 0.4423076923076923 0.5637019230769231 0.026442307692307692 0.05889423076923077
0 0.4182692307692308 0.5721153846153846 0.018028846153846152 0.04326923076923077
0 0.5276442307692307 0.5324519230769231 0.03245192307692308 0.05048076923076923
0 0.5829326923076923 0.4987980769230769 0.04326923076923077 0.054086538461538464
0 0.3485576923076923 0.4795673076923077 0.019230769230769232 0.046875
0 0.35336538461538464 0.421875 0.021634615384615384 0.04326923076923077
0 0.40024038461538464 0.43990384615384615 0.03125 0.038461538461538464
0 0.42788461538461536 0.44591346153846156 0.02403846153846154 0.036057692307692304
0 0.4098557692307692 0.5132211538461539 0.018028846153846152 0.03125
0 0.42908653846153844 0.5 0.015625 0.04927884615384615
0 0.46153846153846156 0.4795673076923077 0.01201923076923077 0.040865384615384616
0 0.47475961538461536 0.5240384615384616 0.021634615384615384 0.038461538461538464
0 0.47716346153846156 0.5396634615384616 0.021634615384615384 0.040865384615384616
0 0.49158653846153844 0.4411057692307692 0.021634615384615384 0.03245192307692308
0 0.5 0.4879807692307692 0.03245192307692308 0.054086538461538464
0 0.48677884615384615 0.47716346153846156 0.019230769230769232 0.025240384615384616
0 0.5288461538461539 0.4050480769230769 0.020432692307692308 0.04326923076923077
0 0.5444711538461539 0.4182692307692308 0.013221153846153846 0.028846153846153848
0 0.5300480769230769 0.4495192307692308 0.038461538461538464 0.03125
0 0.5612980769230769 0.36899038461538464 0.037259615384615384 0.04927884615384615
0 0.4723557692307692 0.28725961538461536 0.020432692307692308 0.06850961538461539
0 0.5120192307692307 0.25 0.014423076923076924 0.04927884615384615
0 0.5276442307692307 0.24759615384615385 0.021634615384615384 0.06129807692307692
0 0.5829326923076923 0.20673076923076922 0.03245192307692308 0.07692307692307693
0 0.5769230769230769 0.14543269230769232 0.038461538461538464 0.05048076923076923
0 0.5685096153846154 0.09975961538461539 0.04326923076923077 0.05889423076923077
0 0.5709134615384616 0.025240384615384616 0.03245192307692308 0.046875
0 0.6213942307692307 0.0733173076923077 0.04447115384615385 0.05048076923076923
0 0.6322115384615384 0.11538461538461539 0.016826923076923076 0.028846153846153848
0 0.6298076923076923 0.14543269230769232 0.02283653846153846 0.040865384615384616
0 0.6514423076923077 0.1778846153846154 0.030048076923076924 0.06009615384615385