0 0.1814903846153846 0.4891826923076923 0.1141826923076923 0.11057692307692307
0 0.28125 0.5060096153846154 0.052884615384615384 0.042067307692307696
0 0.3557692307692308 0.5036057692307693 0.04567307692307692 0.07692307692307693
0 0.4074519230769231 0.45913461538461536 0.055288461538461536 0.08052884615384616
0 0.4699519230769231 0.45552884615384615 0.051682692307692304 0.06129807692307692
0 0.5240384615384616 0.4651442307692308 0.054086538461538464 0.06850961538461539
0 0.5865384615384616 0.47115384615384615 0.056490384615384616 0.06850961538461539
0 0.6947115384615384 0.4891826923076923 0.06610576923076923 0.06610576923076923
0 0.30528846153846156 0.7139423076923077 0.20192307692307693 0.2704326923076923
0 0.4723557692307692 0.390625 0.014423076923076924 0.026442307692307692
0 0.5216346153846154 0.3942307692307692 0.014423076923076924 0.02283653846153846
0 0.5444711538461539 0.40384615384615385 0.016826923076923076 0.007211538461538462
0 0.5516826923076923 0.39663461538461536 0.01201923076923077 0.026442307692307692
0 0.5649038461538461 0.39663461538461536 0.014423076923076924 0.02403846153846154
0 0.5805288461538461 0.40024038461538464 0.014423076923076924 0.028846153846153848