0 0.12620192307692307 0.4639423076923077 0.06129807692307692 0.1045673076923077
0 0.20192307692307693 0.4254807692307692 0.07211538461538461 0.09375
0 0.19951923076923078 0.5048076923076923 0.05889423076923077 0.05889423076923077
0 0.3401442307692308 0.4987980769230769 0.06129807692307692 0.10336538461538461
0 0.34975961538461536 0.42788461538461536 0.0625 0.08533653846153846
0 0.41586538461538464 0.5048076923076923 0.04447115384615385 0.11057692307692307
0 0.4519230769230769 0.5120192307692307 0.042067307692307696 0.07091346153846154
0 0.4651442307692308 0.46274038461538464 0.042067307692307696 0.08052884615384616
0 0.5012019230769231 0.5120192307692307 0.016826923076923076 0.05889423076923077
0 0.5384615384615384 0.49278846153846156 0.0625 0.11778846153846154
0 0.21033653846153846 0.23317307692307693 0.05048076923076923 0.09014423076923077
0 0.24879807692307693 0.22115384615384615 0.03125 0.037259615384615384
0 0.26322115384615385 0.2536057692307692 0.03245192307692308 0.054086538461538464
0 0.2860576923076923 0.21033653846153846 0.040865384615384616 0.0733173076923077
0 0.41225961538461536 0.21514423076923078 0.038461538461538464 0.078125
0 0.43028846153846156 0.3425480769230769 0.015625 0.03365384615384615
0 0.4651442307692308 0.3389423076923077 0.04927884615384615 0.0829326923076923
0 0.4483173076923077 0.29447115384615385 0.056490384615384616 0.078125
0 0.4519230769230769 0.2668269230769231 0.036057692307692304 0.07211538461538461
0 0.49759615384615385 0.24879807692307693 0.04326923076923077 0.07451923076923077
0 0.5168269230769231 0.3016826923076923 0.030048076923076924 0.05048076923076923
0 0.5504807692307693 0.2247596153846154 0.020432692307692308 0.07091346153846154
0 0.5637019230769231 0.24879807692307693 0.03125 0.03485576923076923
0 0.5552884615384616 0.296875 0.046875 0.07692307692307693
0 0.5817307692307693 0.2980769230769231 0.016826923076923076 0.028846153846153848
0 0.6009615384615384 0.3161057692307692 0.03125 0.05048076923076923
0 0.6141826923076923 0.26802884615384615 0.04447115384615385 0.08653846153846154
0 0.6358173076923077 0.24759615384615385 0.03125 0.078125
0 0.6502403846153846 0.3137019230769231 0.03365384615384615 0.046875
0 0.6826923076923077 0.28966346153846156 0.03485576923076923 0.078125
0 0.6610576923076923 0.2776442307692308 0.03485576923076923 0.046875
0 0.7247596153846154 0.3473557692307692 0.04567307692307692 0.09735576923076923
0 0.7439903846153846 0.3125 0.028846153846153848 0.051682692307692304
0 0.7415865384615384 0.2704326923076923 0.03245192307692308 0.06610576923076923
0 0.7608173076923077 0.2932692307692308 0.04807692307692308 0.08413461538461539
0 0.7920673076923077 0.30528846153846156 0.026442307692307692 0.057692307692307696
0 0.8149038461538461 0.30288461538461536 0.037259615384615384 0.07091346153846154
0 0.8701923076923077 0.32091346153846156 0.05048076923076923 0.0673076923076923
0 0.9579326923076923 0.30288461538461536 0.0673076923076923 0.08653846153846154