1 0.08828125 0.79765625 0.1203125 0.1515625
1 0.15703125 0.81328125 0.09609375 0.1296875
1 0.22421875 0.78671875 0.11171875 0.1453125
1 0.284375 0.78828125 0.07578125 0.15390625
1 0.3625 0.79375 0.10234375 0.13828125
1 0.39140625 0.7734375 0.0984375 0.140625
1 0.47734375 0.78203125 0.12734375 0.14296875
1 0.56484375 0.79140625 0.09609375 0.13828125
1 0.6484375 0.79453125 0.10703125 0.1453125
1 0.75234375 0.81484375 0.08671875 0.1203125
1 0.87421875 0.83828125 0.07109375 0.11171875
1 0.93515625 0.81953125 0.06484375 0.12265625