1 0.11484375 0.83359375 0.140625 0.15859375
1 0.184375 0.8328125 0.1140625 0.1359375
1 0.24765625 0.78984375 0.1296875 0.14921875
1 0.3078125 0.778125 0.0984375 0.15625
1 0.3875 0.76484375 0.1203125 0.14296875
1 0.41171875 0.7390625 0.11640625 0.1453125
1 0.49921875 0.7265625 0.1453125 0.14921875
1 0.5859375 0.7140625 0.1140625 0.1453125
1 0.66953125 0.6984375 0.125 0.14765625
1 0.7734375 0.69296875 0.1046875 0.125
1 0.89765625 0.6875 0.08671875 0.11640625
1 0.93671875 0.65390625 0.04921875 0.12734375