0 0.97421875 0.3953125 0.0515625 0.178125
0 0.82890625 0.3515625 0.18125 0.1703125
0 0.734375 0.27421875 0.1171875 0.103125
0 0.50390625 0.275 0.121875 0.134375
0 0.40859375 0.27109375 0.1125 0.109375
0 0.3078125 0.24765625 0.153125 0.153125
0 0.78984375 0.5578125 0.203125 0.153125
0 0.69296875 0.59921875 0.153125 0.14375
0 0.61015625 0.775 0.184375 0.1859375
0 0.509375 0.678125 0.128125 0.1578125
0 0.096875 0.653125 0.153125 0.178125
0 0.61640625 0.47890625 0.1734375 0.1796875
0 0.46875 0.4421875 0.171875 0.16875
0 0.4171875 0.36328125 0.0921875 0.0921875
0 0.3359375 0.37421875 0.1515625 0.1421875
0 0.34140625 0.47890625 0.1328125 0.1359375
0 0.2609375 0.43828125 0.128125 0.125
0 0.15625 0.3890625 0.1390625 0.1421875