0 0.03125 0.3109375 0.0625 0.1703125
0 0.2015625 0.296875 0.15859375 0.14453125
0 0.30859375 0.23671875 0.103125 0.08671875
0 0.53515625 0.27734375 0.103125 0.11796875
0 0.6296875 0.290625 0.0984375 0.09375
0 0.7328125 0.28515625 0.13203125 0.13203125
0 0.2046875 0.50625 0.18515625 0.12265625
0 0.29296875 0.5640625 0.134375 0.12265625
0 0.34375 0.7515625 0.15859375 0.1609375
0 0.46015625 0.67421875 0.10546875 0.1421875
0 0.8703125 0.72109375 0.12734375 0.15859375
0 0.3890625 0.459375 0.14921875 0.15625
0 0.540625 0.4484375 0.14921875 0.14453125
0 0.60546875 0.3796875 0.0796875 0.0796875
0 0.68359375 0.4046875 0.13203125 0.1203125
0 0.66015625 0.50703125 0.11328125 0.11796875
0 0.74609375 0.48046875 0.1109375 0.1078125
0 0.8578125 0.45078125 0.1203125 0.12265625