0 0.9546875 0.27890625 0.075 0.175
0 0.78359375 0.2765625 0.16875 0.1546875
0 0.67265625 0.22421875 0.109375 0.09375
0 0.44921875 0.28046875 0.1109375 0.125
0 0.35625 0.3 0.1046875 0.1
0 0.253125 0.3015625 0.140625 0.140625
0 0.7953125 0.4859375 0.19375 0.1359375
0 0.7109375 0.54921875 0.1421875 0.13125
0 0.6734375 0.73984375 0.16875 0.171875
0 0.5515625 0.67109375 0.115625 0.1484375
0 0.14609375 0.74609375 0.1375 0.1671875
0 0.6078125 0.4515625 0.159375 0.165625
0 0.45625 0.4515625 0.159375 0.1546875
0 0.38671875 0.3875 0.084375 0.084375
0 0.31015625 0.41796875 0.140625 0.1296875
0 0.340625 0.51796875 0.121875 0.125
0 0.253125 0.49765625 0.11875 0.115625
0 0.13984375 0.47578125 0.128125 0.13125