0 0.83359375 0.3359375 0.0359375 0.0375
0 0.80703125 0.35703125 0.0203125 0.0234375
0 0.78359375 0.3421875 0.034375 0.028125
0 0.76953125 0.36484375 0.0234375 0.034375
0 0.74765625 0.36875 0.015625 0.028125
0 0.72421875 0.36484375 0.0171875 0.0234375
0 0.69140625 0.34921875 0.0390625 0.03125
0 0.68203125 0.36875 0.021875 0.021875
0 0.61953125 0.35703125 0.0390625 0.0296875
0 0.6453125 0.37890625 0.0234375 0.0359375
0 0.6390625 0.43125 0.0234375 0.03125
0 0.60390625 0.4046875 0.0265625 0.034375
0 0.534375 0.434375 0.0359375 0.0453125
0 0.51875 0.4078125 0.0234375 0.0359375
0 0.50390625 0.384375 0.0421875 0.03125
0 0.45078125 0.55 0.040625 0.0546875
0 0.39140625 0.50078125 0.0484375 0.046875
0 0.303125 0.39453125 0.040625 0.040625
0 0.2953125 0.425 0.0375 0.040625
0 0.23984375 0.4296875 0.05 0.0546875
0 0.16875 0.4046875 0.0515625 0.0515625
0 0.190625 0.68828125 0.0453125 0.040625
0 0.19921875 0.715625 0.03125 0.0421875
0 0.2125 0.76875 0.059375 0.0546875
0 0.1640625 0.79296875 0.0546875 0.0375
0 0.1796875 0.88515625 0.053125 0.0796875
0 0.10234375 0.78359375 0.0546875 0.05
0 0.0796875 0.71875 0.05 0.0625
0 0.11875 0.71796875 0.034375 0.0390625