0 0.88359375 0.83359375 0.0484375 0.06875
0 0.85390625 0.77890625 0.0453125 0.05
0 0.84140625 0.8453125 0.0296875 0.03125
0 0.8015625 0.6859375 0.04375 0.059375
0 0.771875 0.528125 0.03125 0.0453125
0 0.76875 0.4609375 0.0390625 0.0484375
0 0.728125 0.44140625 0.0546875 0.0734375
0 0.71796875 0.53125 0.0546875 0.0546875
0 0.68203125 0.63984375 0.0375 0.06875
0 0.4921875 0.371875 0.0390625 0.0671875
0 0.36796875 0.26875 0.05625 0.0625
0 0.39140625 0.31015625 0.0375 0.04375
0 0.38828125 0.45625 0.0328125 0.0515625
0 0.34453125 0.4515625 0.0796875 0.08125
0 0.328125 0.78125 0.0484375 0.0453125
0 0.3171875 0.73203125 0.03125 0.0515625