0 0.02890625 0.3953125 0.02890625 0.04296875
0 0.078125 0.38359375 0.0265625 0.04296875
0 0.12734375 0.43125 0.06015625 0.05546875
0 0.16484375 0.3796875 0.05078125 0.0484375
0 0.2078125 0.35703125 0.0578125 0.053125
0 0.24609375 0.31953125 0.0671875 0.053125
0 0.3390625 0.52890625 0.06484375 0.06953125
0 0.3609375 0.4375 0.0578125 0.0578125
0 0.39921875 0.4578125 0.02890625 0.03828125
0 0.38203125 0.546875 0.02421875 0.03125
0 0.4078125 0.3890625 0.06015625 0.0484375
0 0.60078125 0.47578125 0.053125 0.05078125
0 0.646875 0.509375 0.05078125 0.03828125
0 0.6234375 0.43046875 0.06015625 0.040625
0 0.7125 0.4984375 0.06953125 0.06953125
0 0.67578125 0.48046875 0.04296875 0.03828125
0 0.67578125 0.46015625 0.071875 0.05078125
0 0.75 0.4390625 0.06953125 0.0671875
0 0.8265625 0.41484375 0.0765625 0.06953125