0 0.38203125 0.890625 0.16328125 0.0796875
0 0.1875 0.87890625 0.1828125 0.07421875
0 0.3015625 0.80078125 0.11328125 0.0796875
0 0.10234375 0.53359375 0.15625 0.084375
0 0.21484375 0.44453125 0.1390625 0.10078125
0 0.31640625 0.5890625 0.13203125 0.06015625
0 0.26171875 0.55625 0.103125 0.03828125
0 0.35546875 0.6390625 0.08203125 0.06484375
0 0.46015625 0.65234375 0.0765625 0.04296875
0 0.5828125 0.6703125 0.1203125 0.06953125
0 0.6421875 0.69375 0.09609375 0.06015625
0 0.56953125 0.61328125 0.09375 0.09140625
0 0.421875 0.553125 0.16796875 0.0796875
0 0.35234375 0.51796875 0.1203125 0.06484375
0 0.58203125 0.5109375 0.18984375 0.084375
0 0.47265625 0.4171875 0.1390625 0.053125
0 0.49375 0.4796875 0.1078125 0.040625
0 0.55546875 0.3765625 0.1390625 0.09375
0 0.61640625 0.26953125 0.13203125 0.06015625
0 0.6390625 0.20703125 0.15390625 0.0765625
0 0.4703125 0.12265625 0.18046875 0.08671875
0 0.2203125 0.11875 0.1734375 0.053125
0 0.1625 0.06015625 0.17578125 0.0625