0 0.27265625 0.6921875 0.05078125 0.125
0 0.65 0.4859375 0.05546875 0.1109375
0 0.7140625 0.4484375 0.04296875 0.0578125
0 0.7828125 0.4328125 0.0625 0.10546875
0 0.553125 0.428125 0.03828125 0.07421875
0 0.41328125 0.43984375 0.02890625 0.053125
0 0.33203125 0.4625 0.0484375 0.09375
0 0.21484375 0.4171875 0.0765625 0.06015625
0 0.2796875 0.390625 0.04296875 0.07421875
0 0.25703125 0.37265625 0.06015625 0.03359375
0 0.34765625 0.3859375 0.08203125 0.07421875
0 0.17578125 0.31640625 0.0359375 0.10546875
0 0.2328125 0.28125 0.0453125 0.05078125
0 0.27890625 0.2859375 0.053125 0.06953125
0 0.32109375 0.23046875 0.0671875 0.07421875
0 0.35234375 0.259375 0.0453125 0.0671875
0 0.3390625 0.3234375 0.03125 0.05546875
0 0.40390625 0.31484375 0.05078125 0.04296875
0 0.47265625 0.28984375 0.0765625 0.071875
0 0.4359375 0.25234375 0.06015625 0.071875