0 0.165625 0.228125 0.0421875 0.034375
0 0.21171875 0.21015625 0.03125 0.0625
0 0.2859375 0.2671875 0.0390625 0.053125
0 0.31953125 0.5796875 0.053125 0.075
0 0.33359375 0.28359375 0.0453125 0.0625
0 0.3859375 0.31953125 0.0390625 0.040625
0 0.43203125 0.2296875 0.0328125 0.04375
0 0.5546875 0.4140625 0.0671875 0.059375
0 0.60546875 0.3765625 0.04375 0.053125
0 0.6046875 0.346875 0.0453125 0.0484375
0 0.6609375 0.35625 0.0390625 0.040625
0 0.6453125 0.70625 0.06875 0.0921875
0 0.75390625 0.596875 0.0421875 0.0484375
0 0.85625 0.50703125 0.0421875 0.059375
0 0.92421875 0.3578125 0.034375 0.0421875
0 0.75546875 0.5390625 0.0234375 0.046875