0 0.1078125 0.34765625 0.0359375 0.0484375
0 0.24140625 0.290625 0.03125 0.053125
0 0.4125 0.35234375 0.01953125 0.05078125
0 0.43046875 0.3375 0.02890625 0.02890625
0 0.47265625 0.19609375 0.02890625 0.040625
0 0.64296875 0.02890625 0.03125 0.040625
0 0.69140625 0.18046875 0.02421875 0.03125
0 0.66015625 0.20546875 0.02890625 0.0359375
0 0.53984375 0.3265625 0.02421875 0.040625
0 0.51796875 0.34609375 0.021875 0.02890625
0 0.4671875 0.39921875 0.0265625 0.040625
0 0.4125 0.43125 0.0359375 0.0453125
0 0.5046875 0.39765625 0.0171875 0.021875
0 0.515625 0.37109375 0.0359375 0.03359375
0 0.55625 0.38125 0.03828125 0.03828125
0 0.51328125 0.42421875 0.0265625 0.03125
0 0.67578125 0.38203125 0.06015625 0.0453125
0 0.5765625 0.4625 0.02890625 0.0453125
0 0.55625 0.49375 0.03359375 0.03828125
0 0.7078125 0.51953125 0.0625 0.06015625
0 0.64765625 0.68515625 0.0578125 0.0453125
0 0.6203125 0.796875 0.03359375 0.05078125
0 0.74140625 0.60078125 0.02421875 0.040625
0 0.93046875 0.6359375 0.04296875 0.0484375
0 0.98046875 0.775 0.0265625 0.0578125
0 0.8109375 0.725 0.0359375 0.053125
0 0.771875 0.6546875 0.06015625 0.0484375
0 0.8171875 0.671875 0.0265625 0.0265625
0 0.8171875 0.65234375 0.0140625 0.03359375