0 0.43359375 0.61328125 0.05078125 0.05546875
0 0.478125 0.6078125 0.040625 0.06015625
0 0.48046875 0.5734375 0.02890625 0.03359375
0 0.51796875 0.62734375 0.03828125 0.0453125
0 0.53984375 0.60234375 0.02890625 0.04296875
0 0.51328125 0.578125 0.01953125 0.03828125
0 0.5375 0.55859375 0.0359375 0.04296875
0 0.578125 0.58984375 0.02890625 0.04296875
0 0.6 0.61796875 0.03828125 0.03359375
0 0.6421875 0.65 0.05546875 0.053125
0 0.61796875 0.6890625 0.04296875 0.04296875
0 0.6296875 0.73671875 0.03125 0.0765625
0 0.63359375 0.6078125 0.02890625 0.04296875