0 0.2046875 0.3390625 0.0796875 0.11796875
0 0.41953125 0.34609375 0.1203125 0.165625
0 0.59140625 0.4984375 0.11796875 0.21875
0 0.91015625 0.76953125 0.10546875 0.22109375
0 0.81015625 0.6828125 0.115625 0.23046875
0 0.7515625 0.58984375 0.1203125 0.228125
0 0.18125 0.2484375 0.10078125 0.1609375
0 0.259375 0.24140625 0.05546875 0.10078125
0 0.33984375 0.18359375 0.0765625 0.11796875
0 0.4203125 0.20703125 0.0765625 0.0671875
0 0.50703125 0.17421875 0.08671875 0.09375
0 0.05390625 0.15 0.07421875 0.10546875