0 0.10703125 0.74140625 0.0359375 0.053125
0 0.14296875 0.6953125 0.0375 0.0359375
0 0.1625 0.76796875 0.0234375 0.0421875
0 0.203125 0.60234375 0.03125 0.04375
0 0.31484375 0.55234375 0.025 0.05
0 0.2078125 0.37890625 0.03125 0.0546875
0 0.24453125 0.353125 0.025 0.0515625
0 0.221875 0.440625 0.015625 0.034375
0 0.25234375 0.434375 0.03125 0.0375
0 0.2890625 0.45 0.0296875 0.0296875
0 0.509375 0.30234375 0.0265625 0.0375
0 0.609375 0.2296875 0.0234375 0.034375
0 0.6296875 0.19765625 0.04375 0.053125
0 0.621875 0.36640625 0.015625 0.0296875
0 0.65234375 0.37421875 0.053125 0.0609375
0 0.7125 0.65 0.03125 0.0546875
0 0.69609375 0.69296875 0.05 0.0390625
0 0.74296875 0.7546875 0.0421875 0.046875
0 0.69296875 0.81640625 0.0375 0.0328125
0 0.7125 0.79921875 0.0234375 0.0296875