0 0.040625 0.3359375 0.046875 0.0515625
0 0.07421875 0.371875 0.0421875 0.053125
0 0.06953125 0.340625 0.0296875 0.040625
0 0.1203125 0.30859375 0.0203125 0.0515625
0 0.10546875 0.33515625 0.025 0.0375
0 0.14609375 0.36328125 0.034375 0.053125
0 0.18828125 0.34921875 0.0234375 0.05625
0 0.30859375 0.13984375 0.034375 0.0421875
0 0.43515625 0.19375 0.0609375 0.0421875
0 0.33828125 0.25390625 0.03125 0.0359375
0 0.31484375 0.2828125 0.046875 0.0296875
0 0.26796875 0.2921875 0.046875 0.03125
0 0.2546875 0.3203125 0.05 0.0328125
0 0.17421875 0.51796875 0.0828125 0.0484375
0 0.2109375 0.46015625 0.0515625 0.059375
0 0.2734375 0.54921875 0.05625 0.059375
0 0.31015625 0.44140625 0.0609375 0.0546875
0 0.28828125 0.41015625 0.028125 0.05
0 0.33203125 0.3890625 0.04375 0.0578125
0 0.3578125 0.34921875 0.04375 0.0578125
0 0.37421875 0.4375 0.05 0.034375
0 0.3453125 0.5015625 0.0390625 0.0390625
0 0.4140625 0.3578125 0.034375 0.0453125
0 0.46015625 0.31953125 0.0390625 0.05625
0 0.4734375 0.25390625 0.0390625 0.0390625
0 0.515625 0.3640625 0.0484375 0.0515625
0 0.45625 0.4890625 0.0578125 0.046875
0 0.47578125 0.52890625 0.0546875 0.0609375
0 0.5390625 0.471875 0.0515625 0.0484375
0 0.6109375 0.41875 0.0609375 0.046875
0 0.62421875 0.45859375 0.0625 0.046875
0 0.63203125 0.31484375 0.0421875 0.053125
0 0.67265625 0.36953125 0.0515625 0.046875
0 0.6796875 0.41640625 0.0609375 0.040625
0 0.67265625 0.46640625 0.0328125 0.0328125