0 0.93203125 0.2859375 0.0484375 0.0578125
0 0.88046875 0.2734375 0.053125 0.0640625
0 0.83984375 0.259375 0.034375 0.05
0 0.840625 0.34140625 0.084375 0.0953125
0 0.7921875 0.2984375 0.065625 0.0671875
0 0.74296875 0.29375 0.0828125 0.1
0 0.70078125 0.25625 0.0734375 0.0859375
0 0.665625 0.48828125 0.08125 0.1078125
0 0.625 0.5375 0.071875 0.096875
0 0.6265625 0.40625 0.0859375 0.0875
0 0.58359375 0.43359375 0.0390625 0.046875
0 0.60390625 0.3546875 0.040625 0.0453125
0 0.5515625 0.37109375 0.0890625 0.0734375
0 0.40859375 0.51328125 0.0765625 0.084375
0 0.37109375 0.54375 0.0578125 0.06875
0 0.3 0.55625 0.0859375 0.0890625
0 0.31875 0.53046875 0.0515625 0.0453125
0 0.32265625 0.5078125 0.1 0.08125
0 0.353125 0.46015625 0.0828125 0.0578125
0 0.2453125 0.50546875 0.0875 0.0828125
0 0.16640625 0.5046875 0.1 0.1