0 0.315625 0.8640625 0.175 0.10625
0 0.1265625 0.81875 0.1921875 0.1046875
0 0.25234375 0.76171875 0.125 0.0984375
0 0.10234375 0.4640625 0.16875 0.1109375
0 0.22890625 0.39609375 0.1546875 0.1234375
0 0.30390625 0.55546875 0.140625 0.0828125
0 0.25546875 0.5140625 0.1078125 0.05625
0 0.33359375 0.61171875 0.0921875 0.078125
0 0.434375 0.64296875 0.0828125 0.05625
0 0.55234375 0.68203125 0.13125 0.0890625
0 0.60625 0.715625 0.1046875 0.0765625
0 0.5484375 0.6234375 0.1078125 0.10625
0 0.4140625 0.5390625 0.1796875 0.1078125
0 0.3515625 0.4921875 0.1296875 0.084375
0 0.57890625 0.525 0.2015625 0.115625
0 0.4875 0.4140625 0.146875 0.0765625
0 0.49765625 0.47890625 0.1125 0.059375
0 0.57578125 0.38828125 0.153125 0.1171875
0 0.6546875 0.29296875 0.140625 0.0828125
0 0.6875 0.2359375 0.165625 0.1015625
0 0.5359375 0.1234375 0.1921875 0.1171875
0 0.290625 0.07578125 0.1796875 0.0828125
0 0.24375 0.02734375 0.184375 0.0546875