0 0.5203125 0.9078125 0.178125 0.1171875
0 0.71171875 0.9421875 0.1953125 0.115625
0 0.61953125 0.83984375 0.1296875 0.1046875
0 0.87734375 0.62890625 0.171875 0.1203125
0 0.78984375 0.51484375 0.159375 0.13125
0 0.65625 0.63046875 0.1421875 0.090625
0 0.71796875 0.6125 0.109375 0.0625
0 0.60625 0.66953125 0.0953125 0.0828125
0 0.5015625 0.6578125 0.084375 0.0609375
0 0.378125 0.6453125 0.1328125 0.096875
0 0.31484375 0.65390625 0.1078125 0.08125
0 0.40546875 0.59296875 0.1125 0.1109375
0 0.56328125 0.5703125 0.1828125 0.1171875
0 0.6390625 0.553125 0.1328125 0.0921875
0 0.41796875 0.490625 0.2046875 0.128125
0 0.546875 0.4265625 0.1484375 0.0859375
0 0.5109375 0.48203125 0.1140625 0.065625
0 0.47578125 0.3671875 0.1578125 0.125
0 0.44296875 0.2484375 0.1421875 0.090625
0 0.4359375 0.18203125 0.1671875 0.1109375
0 0.6203125 0.14140625 0.1953125 0.128125
0 0.86328125 0.19765625 0.18125 0.09375
0 0.9203125 0.1546875 0.159375 0.103125