0 0.215625 0.52890625 0.0625 0.078125
0 0.2390625 0.53046875 0.046875 0.053125
0 0.28203125 0.371875 0.084375 0.0875
0 0.503125 0.4734375 0.0515625 0.0625
0 0.534375 0.45859375 0.0421875 0.0515625
0 0.55546875 0.39296875 0.09375 0.0765625
0 0.60859375 0.40703125 0.04375 0.0375
0 0.6296875 0.3875 0.0484375 0.04375
0 0.64453125 0.409375 0.0515625 0.0515625
0 0.79296875 0.45 0.0671875 0.0671875
0 0.80859375 0.49453125 0.0296875 0.0515625
0 0.8515625 0.48671875 0.0796875 0.0984375
0 0.80078125 0.37265625 0.05625 0.0703125
0 0.7578125 0.35078125 0.0609375 0.06875