0 0.2671875 0.74765625 0.11796875 0.09140625
0 0.178125 0.53515625 0.06484375 0.0765625
0 0.0515625 0.49609375 0.07421875 0.05078125
0 0.10234375 0.4375 0.09375 0.0484375
0 0.4046875 0.50390625 0.06484375 0.06015625
0 0.4125 0.41953125 0.0671875 0.06015625
0 0.57109375 0.6046875 0.0890625 0.09609375
0 0.70703125 0.4328125 0.04296875 0.0578125
0 0.76171875 0.459375 0.06484375 0.053125
0 0.78984375 0.5015625 0.0484375 0.05546875
0 0.84609375 0.4734375 0.0453125 0.06015625
0 0.9125 0.47734375 0.03828125 0.07421875
0 0.84375 0.421875 0.05546875 0.05078125
0 0.828125 0.37890625 0.0453125 0.053125