0 0.146875 0.38359375 0.03125 0.03359375
0 0.17578125 0.4015625 0.0171875 0.021875
0 0.196875 0.38359375 0.03125 0.02421875
0 0.2140625 0.40390625 0.01953125 0.03125
0 0.23671875 0.4046875 0.01171875 0.0265625
0 0.259375 0.39765625 0.0140625 0.021875
0 0.28984375 0.37734375 0.0359375 0.0265625
0 0.3015625 0.3953125 0.01953125 0.01953125
0 0.36171875 0.375 0.0359375 0.02421875
0 0.3390625 0.4 0.01953125 0.03359375
0 0.353125 0.4515625 0.01953125 0.02890625
0 0.38359375 0.4203125 0.021875 0.03125
0 0.45703125 0.43984375 0.03125 0.040625
0 0.46875 0.4109375 0.01953125 0.03359375
0 0.4796875 0.3859375 0.03828125 0.0265625
0 0.55546875 0.54296875 0.03359375 0.05078125
0 0.6078125 0.4859375 0.04296875 0.040625
0 0.68046875 0.36796875 0.0359375 0.0359375
0 0.6921875 0.396875 0.03359375 0.0359375
0 0.74765625 0.39453125 0.04296875 0.0484375
0 0.81484375 0.359375 0.0453125 0.0453125
0 0.8328125 0.64296875 0.040625 0.0359375
0 0.828125 0.671875 0.0265625 0.03828125
0 0.821875 0.72578125 0.053125 0.0484375
0 0.8734375 0.74375 0.05078125 0.03125
0 0.87109375 0.83671875 0.04296875 0.07421875
0 0.93359375 0.72578125 0.0484375 0.04296875
0 0.946875 0.6578125 0.04296875 0.0578125
0 0.9078125 0.6625 0.02890625 0.0359375