0 0.02109375 0.44609375 0.040625 0.053125
0 0.065625 0.4171875 0.0453125 0.059375
0 0.0984375 0.38984375 0.028125 0.046875
0 0.12578125 0.46796875 0.071875 0.0875
0 0.15625 0.4109375 0.0578125 0.059375
0 0.20078125 0.38984375 0.0703125 0.0921875
0 0.228125 0.33984375 0.0625 0.078125
0 0.33984375 0.5453125 0.065625 0.1
0 0.3953125 0.578125 0.0578125 0.090625
0 0.3484375 0.45546875 0.075 0.078125
0 0.39921875 0.465625 0.0328125 0.04375
0 0.35234375 0.39921875 0.034375 0.040625
0 0.4078125 0.396875 0.08125 0.0625
0 0.58984375 0.48125 0.065625 0.0765625
0 0.6359375 0.496875 0.0484375 0.0640625
0 0.70703125 0.484375 0.075 0.0796875
0 0.68046875 0.4671875 0.0453125 0.0390625
0 0.66953125 0.446875 0.0921875 0.0671875
0 0.62421875 0.4125 0.078125 0.046875
0 0.74140625 0.41796875 0.078125 0.0734375
0 0.81484375 0.38984375 0.0890625 0.0890625