0 0.9671875 0.37890625 0.0296875 0.04375
0 0.9171875 0.36875 0.028125 0.04375
0 0.8703125 0.41796875 0.0625 0.0578125
0 0.83046875 0.36796875 0.053125 0.05
0 0.78671875 0.346875 0.059375 0.0546875
0 0.74765625 0.3109375 0.06875 0.0546875
0 0.66171875 0.5234375 0.0671875 0.071875
0 0.63671875 0.4328125 0.059375 0.059375
0 0.59921875 0.4546875 0.0296875 0.0390625
0 0.61953125 0.54296875 0.025 0.0328125
0 0.58828125 0.3859375 0.0625 0.05
0 0.3984375 0.4796875 0.0546875 0.053125
0 0.35390625 0.51484375 0.0515625 0.040625
0 0.37421875 0.43515625 0.0609375 0.0421875
0 0.2875 0.50546875 0.071875 0.071875
0 0.3234375 0.48671875 0.04375 0.0390625
0 0.32265625 0.46640625 0.0734375 0.053125
0 0.24765625 0.44765625 0.071875 0.0703125
0 0.1703125 0.4265625 0.0796875 0.071875