0 0.26015625 0.67578125 0.059375 0.128125
0 0.65078125 0.49609375 0.0625 0.1140625
0 0.7171875 0.46328125 0.046875 0.0609375
0 0.78671875 0.45234375 0.0703125 0.109375
0 0.5578125 0.43203125 0.04375 0.0765625
0 0.41796875 0.43359375 0.0328125 0.0546875
0 0.33515625 0.45078125 0.0546875 0.096875
0 0.22109375 0.39765625 0.08125 0.065625
0 0.2875 0.37578125 0.0484375 0.0765625
0 0.26640625 0.35625 0.0625 0.0375
0 0.35625 0.37578125 0.0875 0.0796875
0 0.1890625 0.29453125 0.04375 0.1078125
0 0.2484375 0.26328125 0.0484375 0.053125
0 0.29453125 0.27109375 0.0578125 0.0734375
0 0.340625 0.21875 0.071875 0.078125
0 0.36953125 0.25 0.05 0.0703125
0 0.3515625 0.3125 0.034375 0.0578125
0 0.4171875 0.30859375 0.053125 0.046875
0 0.4875 0.28828125 0.08125 0.0765625
0 0.453125 0.2484375 0.065625 0.0765625