0 0.8515625 0.478125 0.0296875 0.046875
0 0.821875 0.471875 0.028125 0.0328125
0 0.79921875 0.47890625 0.0265625 0.034375
0 0.7734375 0.453125 0.046875 0.05625
0 0.6515625 0.565625 0.03125 0.0421875
0 0.690625 0.44140625 0.03125 0.034375
0 0.6671875 0.41640625 0.021875 0.025
0 0.64765625 0.39140625 0.025 0.034375
0 0.66171875 0.4375 0.03125 0.0390625
0 0.678125 0.46796875 0.0296875 0.046875
0 0.65390625 0.47109375 0.028125 0.0359375
0 0.6265625 0.49609375 0.0265625 0.028125
0 0.6125 0.49765625 0.025 0.0375
0 0.58515625 0.446875 0.0140625 0.0296875
0 0.56171875 0.45390625 0.0203125 0.0375
0 0.55390625 0.4765625 0.01875 0.0265625
0 0.54921875 0.496875 0.0234375 0.0328125
0 0.5515625 0.53984375 0.0265625 0.0375
0 0.575 0.51484375 0.0265625 0.0328125
0 0.596875 0.5359375 0.025 0.034375
0 0.5953125 0.5 0.0328125 0.040625
0 0.58125 0.48671875 0.025 0.028125
0 0.5109375 0.50390625 0.0234375 0.0328125
0 0.48125 0.6296875 0.0296875 0.046875
0 0.45546875 0.609375 0.01875 0.0265625
0 0.446875 0.58515625 0.025 0.03125
0 0.45546875 0.57109375 0.0296875 0.046875
0 0.446875 0.5453125 0.0203125 0.03125
0 0.440625 0.5296875 0.0140625 0.021875
0 0.453125 0.51640625 0.025 0.0375
0 0.37421875 0.66171875 0.028125 0.0421875
0 0.37890625 0.6203125 0.03125 0.034375
0 0.39296875 0.60234375 0.025 0.028125
0 0.3953125 0.54921875 0.015625 0.021875
0 0.41796875 0.5296875 0.0328125 0.040625
0 0.4171875 0.56640625 0.01875 0.025
0 0.428125 0.5921875 0.03125 0.0390625
0 0.44140625 0.6234375 0.021875 0.0359375
0 0.38515625 0.5265625 0.028125 0.0359375
0 0.35625 0.55390625 0.028125 0.03125
0 0.3625 0.5453125 0.0234375 0.0328125
0 0.3625 0.52421875 0.0203125 0.0203125
0 0.3421875 0.50703125 0.0203125 0.0296875
0 0.3375 0.5390625 0.0265625 0.0328125
0 0.325 0.515625 0.01875 0.03125
0 0.315625 0.528125 0.01875 0.025
0 0.30234375 0.5359375 0.0203125 0.0375
0 0.31484375 0.5671875 0.025 0.0375
0 0.2828125 0.5609375 0.0203125 0.0296875
0 0.29921875 0.5546875 0.015625 0.0296875
0 0.2796875 0.52890625 0.0265625 0.040625
0 0.27890625 0.5984375 0.0203125 0.03125
0 0.25625 0.575 0.0203125 0.03125
0 0.23828125 0.58828125 0.025 0.0390625
0 0.2078125 0.525 0.028125 0.0390625
0 0.259375 0.55 0.0234375 0.0515625
0 0.25546875 0.50859375 0.0171875 0.0234375
0 0.24140625 0.4890625 0.01875 0.0265625