0 0.91796875 0.4546875 0.046875 0.05625
0 0.80390625 0.36484375 0.04375 0.059375
0 0.62265625 0.3796875 0.03125 0.0546875
0 0.609375 0.3609375 0.0359375 0.0359375
0 0.6046875 0.21328125 0.0390625 0.046875
0 0.4828125 0.015625 0.040625 0.03125
0 0.39765625 0.1421875 0.03125 0.0359375
0 0.421875 0.17421875 0.0375 0.0421875
0 0.50625 0.321875 0.034375 0.0453125
0 0.52265625 0.346875 0.028125 0.0328125
0 0.5578125 0.4109375 0.0359375 0.046875
0 0.60234375 0.45625 0.046875 0.053125
0 0.521875 0.4 0.021875 0.025
0 0.51796875 0.37109375 0.04375 0.0421875
0 0.4765625 0.37109375 0.046875 0.046875
0 0.50703125 0.4234375 0.034375 0.0375
0 0.3609375 0.340625 0.0703125 0.059375
0 0.4359375 0.44375 0.0390625 0.0515625
0 0.44765625 0.4796875 0.0421875 0.0453125
0 0.29453125 0.46484375 0.0765625 0.075
0 0.309375 0.640625 0.0671875 0.059375
0 0.30703125 0.75546875 0.0453125 0.0578125
0 0.240625 0.53515625 0.034375 0.0453125
0 0.04921875 0.51953125 0.0546875 0.0578125
0 0.14140625 0.63671875 0.0484375 0.0609375
0 0.19765625 0.57890625 0.0703125 0.0625
0 0.14921875 0.58359375 0.0328125 0.0328125
0 0.15390625 0.56484375 0.021875 0.0359375