0 0.10078125 0.79921875 0.04296875 0.071875
0 0.12109375 0.76796875 0.02890625 0.03828125
0 0.1234375 0.7359375 0.02421875 0.03828125
0 0.14765625 0.68359375 0.03359375 0.06484375
0 0.1546875 0.609375 0.02890625 0.04296875
0 0.17578125 0.5734375 0.02890625 0.04296875
0 0.24609375 0.49296875 0.0359375 0.05078125
0 0.275 0.4703125 0.021875 0.053125
0 0.28828125 0.41796875 0.021875 0.0484375
0 0.2984375 0.38125 0.02890625 0.03828125
0 0.3140625 0.353125 0.02421875 0.03125
0 0.3375 0.3265625 0.021875 0.03125
0 0.38671875 0.79296875 0.0359375 0.08203125
0 0.3765625 0.7140625 0.0359375 0.05546875
0 0.42421875 0.57578125 0.0359375 0.06953125
0 0.4375 0.521875 0.03125 0.05546875
0 0.415625 0.46171875 0.0265625 0.040625
0 0.4109375 0.4328125 0.02421875 0.03828125
0 0.40234375 0.396875 0.01953125 0.03828125
0 0.4171875 0.35703125 0.0359375 0.05078125
0 0.41953125 0.32109375 0.021875 0.03359375
0 0.28984375 0.11875 0.0140625 0.01953125
0 0.28828125 0.0953125 0.01953125 0.021875
0 0.31484375 0.11796875 0.01953125 0.021875
0 0.359375 0.1265625 0.02421875 0.0171875
0 0.3578125 0.1140625 0.0265625 0.01953125
0 0.4015625 0.12890625 0.0265625 0.02421875
0 0.44453125 0.1296875 0.021875 0.0265625
0 0.4703125 0.13125 0.0171875 0.021875
0 0.51328125 0.1234375 0.01953125 0.021875
0 0.6 0.13203125 0.021875 0.021875
0 0.6546875 0.10703125 0.02421875 0.0265625
0 0.665625 0.1296875 0.0265625 0.0171875
0 0.67578125 0.11328125 0.021875 0.021875
0 0.67890625 0.09765625 0.0140625 0.01953125
0 0.69453125 0.109375 0.01953125 0.021875
0 0.71171875 0.0953125 0.01953125 0.01953125
0 0.74140625 0.10234375 0.02421875 0.02421875
0 0.7390625 0.12734375 0.0171875 0.01953125
0 0.79296875 0.12109375 0.0265625 0.02890625
0 0.75 0.1203125 0.0171875 0.01953125
0 0.771875 0.125 0.00703125 0.01953125