0 0.21640625 0.4640625 0.0484375 0.06953125
0 0.2390625 0.47109375 0.03828125 0.0453125
0 0.31640625 0.32578125 0.06953125 0.07421875
0 0.50859375 0.475 0.040625 0.05546875
0 0.54296875 0.4671875 0.03359375 0.0453125
0 0.578125 0.4078125 0.08203125 0.06015625
0 0.6265625 0.43359375 0.03828125 0.02890625
0 0.6515625 0.41953125 0.040625 0.0359375
0 0.6609375 0.44453125 0.04296875 0.04296875
0 0.796875 0.5171875 0.05546875 0.05546875
0 0.8015625 0.5640625 0.01953125 0.0484375
0 0.8453125 0.56640625 0.0625 0.08671875
0 0.821875 0.44375 0.04296875 0.0625
0 0.78515625 0.4125 0.0484375 0.06015625