0 0.46328125 0.62578125 0.0625 0.065625
0 0.5046875 0.61015625 0.0546875 0.06875
0 0.4984375 0.57578125 0.0359375 0.0390625
0 0.5484375 0.61953125 0.0484375 0.053125
0 0.56328125 0.58984375 0.0390625 0.0484375
0 0.53203125 0.57265625 0.028125 0.0421875
0 0.55078125 0.54765625 0.0453125 0.05
0 0.59765625 0.56796875 0.0390625 0.0484375
0 0.62578125 0.590625 0.0453125 0.0421875
0 0.67421875 0.6109375 0.0671875 0.065625
0 0.66015625 0.6546875 0.0515625 0.0515625
0 0.6828125 0.6984375 0.0484375 0.08125
0 0.65546875 0.57265625 0.0390625 0.0484375