0 0.5796875 0.6046875 0.0578125 0.0609375
0 0.53515625 0.6046875 0.046875 0.0640625
0 0.528125 0.5703125 0.0328125 0.0375
0 0.49765625 0.62890625 0.04375 0.05
0 0.47265625 0.60625 0.034375 0.046875
0 0.49609375 0.57890625 0.0234375 0.040625
0 0.46953125 0.5625 0.040625 0.046875
0 0.43359375 0.5984375 0.034375 0.046875
0 0.41484375 0.62890625 0.0421875 0.0375
0 0.37734375 0.66640625 0.0609375 0.059375
0 0.40625 0.70234375 0.0484375 0.0484375
0 0.4 0.75078125 0.040625 0.0796875
0 0.38046875 0.6234375 0.034375 0.046875