0 0.29375 0.71484375 0.0640625 0.1296875
0 0.64765625 0.4703125 0.0671875 0.115625
0 0.7078125 0.4265625 0.0484375 0.0625
0 0.77421875 0.40390625 0.0734375 0.1109375
0 0.5453125 0.42265625 0.0453125 0.078125
0 0.4078125 0.44921875 0.034375 0.05625
0 0.32890625 0.48046875 0.0578125 0.0984375
0 0.2078125 0.44765625 0.0828125 0.0671875
0 0.26953125 0.4140625 0.05 0.078125
0 0.2453125 0.3984375 0.0640625 0.0390625
0 0.33671875 0.40234375 0.0890625 0.0828125
0 0.15859375 0.3515625 0.046875 0.109375
0 0.21171875 0.31015625 0.05 0.0546875
0 0.2578125 0.31015625 0.059375 0.075
0 0.29375 0.25078125 0.075 0.08125
0 0.328125 0.27578125 0.0515625 0.071875
0 0.321875 0.34140625 0.0375 0.0578125
0 0.38515625 0.32578125 0.0546875 0.0484375
0 0.45078125 0.29375 0.084375 0.0796875
0 0.41015625 0.26015625 0.0671875 0.078125