0 0.0953125 0.7203125 0.03359375 0.05078125
0 0.13359375 0.6765625 0.0359375 0.03359375
0 0.14921875 0.75 0.021875 0.040625
0 0.1984375 0.58671875 0.02890625 0.04296875
0 0.3125 0.54296875 0.021875 0.0484375
0 0.21484375 0.3640625 0.02890625 0.053125
0 0.25234375 0.33984375 0.021875 0.05078125
0 0.225 0.42578125 0.0140625 0.03359375
0 0.25625 0.421875 0.02890625 0.0359375
0 0.2921875 0.4390625 0.02890625 0.02890625
0 0.51953125 0.303125 0.02421875 0.0359375
0 0.6234375 0.2359375 0.021875 0.03359375
0 0.6453125 0.2046875 0.040625 0.05078125
0 0.62890625 0.37265625 0.0140625 0.02890625
0 0.65859375 0.38203125 0.05078125 0.0578125
0 0.7046875 0.6609375 0.02890625 0.053125
0 0.6859375 0.703125 0.0484375 0.0359375
0 0.7296875 0.7671875 0.040625 0.0453125
0 0.67578125 0.82578125 0.0359375 0.03125
0 0.696875 0.81015625 0.021875 0.02890625