0 0.7828125 0.6890625 0.1359375 0.115625
0 0.821875 0.46171875 0.0796875 0.0890625
0 0.9359375 0.3953125 0.084375 0.065625
0 0.8734375 0.35 0.1015625 0.06875
0 0.59375 0.48203125 0.0765625 0.0734375
0 0.5671875 0.4015625 0.0796875 0.0734375
0 0.45390625 0.61796875 0.1078125 0.1140625
0 0.2828125 0.48125 0.0546875 0.065625
0 0.2359375 0.51953125 0.075 0.065625
0 0.21796875 0.56640625 0.059375 0.065625
0 0.15703125 0.55234375 0.0578125 0.06875
0 0.09296875 0.57109375 0.0546875 0.08125
0 0.14765625 0.5015625 0.065625 0.0625
0 0.153125 0.45546875 0.05625 0.0625