0 0.9546875 0.3390625 0.034375 0.046875
0 0.9046875 0.3328125 0.03125 0.0453125
0 0.86171875 0.38671875 0.0671875 0.0625
0 0.81796875 0.33984375 0.05625 0.0546875
0 0.77265625 0.32265625 0.0640625 0.059375
0 0.7296875 0.28984375 0.0734375 0.0609375
0 0.66328125 0.509375 0.0734375 0.0765625
0 0.63046875 0.42109375 0.0640625 0.0640625
0 0.59453125 0.44609375 0.0328125 0.0421875
0 0.62265625 0.53203125 0.028125 0.034375
0 0.578125 0.37890625 0.065625 0.0546875
0 0.396875 0.48828125 0.059375 0.05625
0 0.35546875 0.52734375 0.0546875 0.04375
0 0.36875 0.44609375 0.0640625 0.046875
0 0.2890625 0.52421875 0.078125 0.078125
0 0.3234375 0.50234375 0.046875 0.04375
0 0.3203125 0.48203125 0.078125 0.059375
0 0.24453125 0.4703125 0.0765625 0.075
0 0.165625 0.45546875 0.084375 0.078125