0 0.053125 0.30390625 0.04296875 0.0484375
0 0.084375 0.3421875 0.03828125 0.05078125
0 0.08203125 0.3109375 0.0265625 0.03828125
0 0.134375 0.2828125 0.0171875 0.05078125
0 0.11796875 0.3078125 0.021875 0.0359375
0 0.15625 0.3390625 0.03125 0.05078125
0 0.19921875 0.328125 0.01953125 0.05546875
0 0.334375 0.12734375 0.03125 0.040625
0 0.45703125 0.18984375 0.0578125 0.03828125
0 0.35546875 0.24296875 0.02890625 0.03359375
0 0.33046875 0.2703125 0.0453125 0.0265625
0 0.2828125 0.2765625 0.0453125 0.02890625
0 0.26796875 0.30390625 0.0484375 0.02890625
0 0.1734375 0.4953125 0.0796875 0.04296875
0 0.2140625 0.43984375 0.0484375 0.05546875
0 0.2703125 0.53359375 0.053125 0.05546875
0 0.31484375 0.428125 0.0578125 0.05078125
0 0.2953125 0.3953125 0.02421875 0.0484375
0 0.33984375 0.37734375 0.040625 0.05546875
0 0.36875 0.33984375 0.040625 0.05546875
0 0.37890625 0.42890625 0.0484375 0.03125
0 0.3453125 0.490625 0.0359375 0.0359375
0 0.42421875 0.35234375 0.03125 0.04296875
0 0.47265625 0.3171875 0.0359375 0.053125
0 0.490625 0.25234375 0.0359375 0.0359375
0 0.525 0.365625 0.0453125 0.0484375
0 0.45703125 0.4859375 0.05546875 0.04296875
0 0.4734375 0.52734375 0.05078125 0.0578125
0 0.540625 0.475 0.0484375 0.0453125
0 0.61640625 0.4265625 0.0578125 0.04296875
0 0.6265625 0.4671875 0.06015625 0.04296875
0 0.64453125 0.32421875 0.03828125 0.05078125
0 0.68125 0.38203125 0.0484375 0.04296875
0 0.68515625 0.42890625 0.0578125 0.0359375
0 0.67421875 0.478125 0.03125 0.03125