0 0.05078125 0.73828125 0.034375 0.0625
0 0.0921875 0.6921875 0.0359375 0.04375
0 0.08984375 0.759375 0.025 0.0265625
0 0.1640625 0.6140625 0.0328125 0.053125
0 0.22890625 0.46640625 0.021875 0.040625
0 0.246875 0.4015625 0.0296875 0.04375
0 0.29140625 0.3921875 0.0421875 0.065625
0 0.28125 0.48125 0.046875 0.046875
0 0.29140625 0.5953125 0.0234375 0.065625
0 0.5359375 0.3765625 0.025 0.0625
0 0.68046875 0.3046875 0.046875 0.0546875
0 0.6484375 0.33984375 0.0296875 0.0390625
0 0.61875 0.48203125 0.0234375 0.0484375
0 0.6625 0.4875 0.065625 0.06875
0 0.60390625 0.8125 0.040625 0.0359375
0 0.62578125 0.7671875 0.0203125 0.0484375