0 0.18203125 0.30703125 0.0375 0.0390625
0 0.20625 0.33125 0.021875 0.025
0 0.23046875 0.31875 0.0359375 0.03125
0 0.24296875 0.3421875 0.0265625 0.034375
0 0.26484375 0.34765625 0.0171875 0.028125
0 0.28828125 0.34609375 0.01875 0.025
0 0.32265625 0.33359375 0.040625 0.034375
0 0.33046875 0.353125 0.0234375 0.0234375
0 0.39375 0.346875 0.040625 0.03125
0 0.365625 0.36640625 0.0265625 0.0375
0 0.36796875 0.41953125 0.025 0.0328125
0 0.4046875 0.39609375 0.028125 0.0359375
0 0.471875 0.43203125 0.0390625 0.046875
0 0.48984375 0.40625 0.0265625 0.0375
0 0.50625 0.384375 0.04375 0.034375
0 0.54453125 0.5546875 0.04375 0.0578125
0 0.60859375 0.5109375 0.0515625 0.05
0 0.70546875 0.41171875 0.04375 0.04375
0 0.71015625 0.44296875 0.040625 0.0421875
0 0.76484375 0.453125 0.053125 0.05625
0 0.83828125 0.43359375 0.0546875 0.0546875
0 0.7921875 0.7140625 0.0484375 0.04375
0 0.78125 0.74140625 0.034375 0.04375
0 0.7625 0.7921875 0.0625 0.059375
0 0.809375 0.821875 0.05625 0.0421875
0 0.7859375 0.91171875 0.0578125 0.08125
0 0.871875 0.8171875 0.05625 0.053125
0 0.9 0.75390625 0.0546875 0.065625
0 0.8609375 0.75 0.0359375 0.0421875