0 0.87265625 0.28359375 0.0375 0.028125
0 0.83046875 0.25859375 0.021875 0.059375
0 0.74765625 0.303125 0.03125 0.0484375
0 0.665625 0.60703125 0.04375 0.06875
0 0.6984375 0.3125 0.0359375 0.0578125
0 0.640625 0.33984375 0.034375 0.0359375
0 0.609375 0.24375 0.0265625 0.040625
0 0.459375 0.40625 0.059375 0.05
0 0.41484375 0.36171875 0.0359375 0.0484375
0 0.4203125 0.33203125 0.0375 0.04375
0 0.36328125 0.3328125 0.034375 0.0359375
0 0.32421875 0.68125 0.05625 0.084375
0 0.234375 0.55625 0.0359375 0.04375
0 0.146875 0.4515625 0.034375 0.05625
0 0.103125 0.29296875 0.028125 0.0375
0 0.24140625 0.4984375 0.0171875 0.0453125