0 0.7578125 0.721875 0.1265625 0.103125
0 0.8234375 0.5015625 0.071875 0.0828125
0 0.9453125 0.44921875 0.0796875 0.0578125
0 0.8890625 0.39609375 0.0984375 0.0578125
0 0.5953125 0.49375 0.0703125 0.0671875
0 0.57890625 0.4109375 0.0734375 0.0671875
0 0.440625 0.61171875 0.0984375 0.1046875
0 0.28671875 0.4546875 0.0484375 0.0625
0 0.23515625 0.48671875 0.0703125 0.059375
0 0.21171875 0.53203125 0.0546875 0.0609375
0 0.153125 0.509375 0.0515625 0.0640625
0 0.0875 0.5203125 0.0453125 0.078125
0 0.15 0.45859375 0.0609375 0.05625
0 0.1609375 0.4140625 0.05 0.0578125