0 0.10859375 0.20859375 0.053125 0.05625
0 0.13046875 0.253125 0.0484375 0.0578125
0 0.13515625 0.221875 0.034375 0.04375
0 0.19296875 0.20625 0.028125 0.053125
0 0.17109375 0.2265625 0.0296875 0.040625
0 0.2015625 0.265625 0.0421875 0.05625
0 0.2453125 0.26484375 0.03125 0.0578125
0 0.42265625 0.1 0.0390625 0.046875
0 0.528125 0.18828125 0.065625 0.05
0 0.4171875 0.2171875 0.0359375 0.0390625
0 0.38671875 0.23828125 0.05 0.0359375
0 0.33828125 0.23359375 0.05 0.0390625
0 0.31796875 0.25703125 0.053125 0.0390625
0 0.1828125 0.421875 0.0875 0.059375
0 0.23515625 0.37734375 0.059375 0.065625
0 0.26875 0.48125 0.0640625 0.065625
0 0.3359375 0.38828125 0.0671875 0.0625
0 0.32421875 0.3515625 0.034375 0.053125
0 0.371875 0.34453125 0.0515625 0.0625
0 0.4078125 0.3140625 0.0515625 0.0625
0 0.39765625 0.403125 0.0546875 0.040625
0 0.3515625 0.45625 0.04375 0.04375
0 0.459375 0.3390625 0.040625 0.0484375
0 0.51484375 0.315625 0.046875 0.059375
0 0.546875 0.25625 0.04375 0.04375
0 0.5546875 0.375 0.0546875 0.0578125
0 0.4609375 0.4765625 0.0640625 0.0546875
0 0.46796875 0.5203125 0.0625 0.0671875
0 0.5453125 0.48515625 0.0578125 0.0546875
0 0.6296875 0.4546875 0.065625 0.0546875
0 0.63046875 0.496875 0.06875 0.0546875
0 0.68046875 0.3609375 0.0484375 0.0578125
0 0.703125 0.42578125 0.05625 0.053125
0 0.69609375 0.47265625 0.0640625 0.0484375
0 0.675 0.51796875 0.0375 0.0375