0 0.0953125 0.7921875 0.04375 0.071875
0 0.11640625 0.7609375 0.0296875 0.0390625
0 0.11953125 0.7296875 0.025 0.0390625
0 0.14453125 0.67734375 0.034375 0.065625
0 0.153125 0.603125 0.0296875 0.04375
0 0.17421875 0.56796875 0.0296875 0.04375
0 0.24609375 0.48828125 0.0375 0.0515625
0 0.27578125 0.46640625 0.0234375 0.053125
0 0.28984375 0.4140625 0.0234375 0.0484375
0 0.30078125 0.378125 0.0296875 0.0390625
0 0.31640625 0.35 0.025 0.03125
0 0.340625 0.3234375 0.021875 0.03125
0 0.38125 0.790625 0.0375 0.0828125
0 0.37265625 0.71171875 0.0375 0.05625
0 0.42265625 0.57421875 0.0375 0.0703125
0 0.4375 0.52109375 0.0328125 0.05625
0 0.41640625 0.46015625 0.0265625 0.040625
0 0.4125 0.43125 0.025 0.0390625
0 0.40390625 0.3953125 0.0203125 0.0390625
0 0.41953125 0.35546875 0.0375 0.0515625
0 0.42265625 0.31953125 0.021875 0.034375
0 0.296875 0.11484375 0.0140625 0.0203125
0 0.2953125 0.09140625 0.0203125 0.021875
0 0.321875 0.11484375 0.0203125 0.021875
0 0.365625 0.12421875 0.025 0.0171875
0 0.36484375 0.11171875 0.0265625 0.0203125
0 0.4078125 0.12734375 0.0265625 0.025
0 0.45078125 0.12890625 0.021875 0.0265625
0 0.4765625 0.13046875 0.0171875 0.021875
0 0.51953125 0.1234375 0.0203125 0.021875
0 0.60625 0.13359375 0.021875 0.021875
0 0.66171875 0.11015625 0.025 0.0265625
0 0.671875 0.1328125 0.0265625 0.0171875
0 0.6828125 0.11640625 0.021875 0.021875
0 0.6859375 0.10078125 0.0140625 0.0203125
0 0.7015625 0.1125 0.0203125 0.021875
0 0.71875 0.09921875 0.0203125 0.0203125
0 0.7484375 0.10625 0.025 0.025
0 0.7453125 0.13125 0.0171875 0.0203125
0 0.79921875 0.1265625 0.0265625 0.0296875
0 0.75625 0.125 0.0171875 0.0203125
0 0.778125 0.1296875 0.0078125 0.0203125