0 0.79921875 0.68125 0.184375 0.175
0 0.61484375 0.7796875 0.159375 0.159375
0 0.42890625 0.6609375 0.128125 0.1390625
0 0.2828125 0.58671875 0.175 0.1640625
0 0.48203125 0.58125 0.134375 0.11875
0 0.615625 0.62734375 0.1703125 0.1734375
0 0.6984375 0.65234375 0.0875 0.0875
0 0.559375 0.52890625 0.115625 0.1203125
0 0.503125 0.4140625 0.165625 0.1640625
0 0.3171875 0.3390625 0.075 0.075
0 0.3046875 0.28046875 0.1140625 0.109375
0 0.16875 0.05 0.128125 0.1
0 0.30859375 0.1546875 0.1109375 0.1125
0 0.45546875 0.146875 0.1375 0.121875
0 0.584375 0.20078125 0.1109375 0.1171875
0 0.775 0.309375 0.1515625 0.13125