0 0.12734375 0.28359375 0.03828125 0.02890625
0 0.16953125 0.25859375 0.021875 0.06015625
0 0.25234375 0.303125 0.03125 0.0484375
0 0.334375 0.60703125 0.04296875 0.06953125
0 0.3015625 0.3125 0.0359375 0.0578125
0 0.359375 0.33984375 0.03359375 0.0359375
0 0.390625 0.24375 0.0265625 0.040625
0 0.540625 0.40625 0.06015625 0.05078125
0 0.58515625 0.36171875 0.0359375 0.0484375
0 0.5796875 0.33203125 0.03828125 0.04296875
0 0.63671875 0.3328125 0.03359375 0.0359375
0 0.67578125 0.68125 0.05546875 0.084375
0 0.765625 0.55625 0.0359375 0.04296875
0 0.853125 0.4515625 0.03359375 0.05546875
0 0.896875 0.29296875 0.02890625 0.03828125
0 0.75859375 0.4984375 0.0171875 0.0453125