0 0.94765625 0.6078125 0.0453125 0.0578125
0 0.9 0.57578125 0.04375 0.0421875
0 0.90390625 0.65078125 0.03125 0.0453125
0 0.8140625 0.50546875 0.0390625 0.0484375
0 0.6921875 0.49296875 0.034375 0.053125
0 0.740625 0.29453125 0.0421875 0.059375
0 0.69765625 0.28125 0.034375 0.0546875
0 0.74609375 0.35703125 0.021875 0.0359375
0 0.71484375 0.36171875 0.0375 0.0421875
0 0.68515625 0.3875 0.0359375 0.0359375
0 0.43046875 0.31484375 0.0328125 0.040625
0 0.3125 0.2765625 0.0296875 0.0375
0 0.28359375 0.25234375 0.053125 0.059375
0 0.3421875 0.41015625 0.0203125 0.03125
0 0.31640625 0.42734375 0.0640625 0.06875
0 0.34375 0.70859375 0.0421875 0.059375
0 0.37265625 0.74453125 0.05625 0.046875
0 0.34765625 0.8171875 0.0515625 0.0546875
0 0.41484375 0.86015625 0.0421875 0.0390625
0 0.38984375 0.85078125 0.028125 0.0328125