0 0.046875 0.73046875 0.03359375 0.0625
0 0.0890625 0.68515625 0.0359375 0.04296875
0 0.08515625 0.75234375 0.02421875 0.0265625
0 0.1625 0.6078125 0.03125 0.053125
0 0.2296875 0.46171875 0.021875 0.040625
0 0.2484375 0.396875 0.02890625 0.04296875
0 0.29296875 0.38828125 0.040625 0.06484375
0 0.28125 0.47734375 0.0453125 0.0453125
0 0.28984375 0.59140625 0.021875 0.06484375
0 0.53828125 0.37734375 0.02421875 0.0625
0 0.68359375 0.3078125 0.0453125 0.053125
0 0.6515625 0.3421875 0.02890625 0.03828125
0 0.61875 0.484375 0.021875 0.0484375
0 0.6625 0.490625 0.06484375 0.0671875
0 0.5984375 0.8140625 0.040625 0.0359375
0 0.62109375 0.76953125 0.01953125 0.0484375