0 0.13984375 0.28203125 0.04375 0.0546875
0 0.28203125 0.24921875 0.040625 0.0578125
0 0.43984375 0.3390625 0.028125 0.053125
0 0.459375 0.328125 0.0328125 0.0328125
0 0.52578125 0.19609375 0.0359375 0.0453125
0 0.72265625 0.0609375 0.0375 0.0453125
0 0.74375 0.21875 0.0296875 0.034375
0 0.70859375 0.2375 0.034375 0.040625
0 0.56953125 0.3359375 0.03125 0.04375
0 0.54453125 0.3515625 0.0265625 0.0328125
0 0.48515625 0.3953125 0.0328125 0.0453125
0 0.42578125 0.4171875 0.04375 0.0515625
0 0.52265625 0.4 0.0203125 0.025
0 0.5375 0.37578125 0.040625 0.0390625
0 0.57578125 0.39296875 0.04375 0.04375
0 0.5265625 0.42734375 0.03125 0.0359375
0 0.69375 0.4140625 0.0671875 0.0546875
0 0.58203125 0.4765625 0.0359375 0.05
0 0.55625 0.50390625 0.0390625 0.04375
0 0.7015625 0.55546875 0.071875 0.0703125
0 0.61328125 0.7078125 0.0640625 0.0546875
0 0.5671875 0.81328125 0.0421875 0.05625
0 0.7203125 0.64140625 0.03125 0.04375
0 0.9 0.70859375 0.05 0.0546875
0 0.92578125 0.85390625 0.0359375 0.0609375
0 0.7671875 0.77578125 0.0453125 0.0578125
0 0.740625 0.69921875 0.0671875 0.0578125
0 0.7828125 0.72421875 0.03125 0.03125
0 0.7859375 0.70546875 0.0203125 0.0359375