0 0.8390625 0.58515625 0.1609375 0.15
0 0.69140625 0.734375 0.1390625 0.1390625
0 0.4796875 0.675 0.109375 0.1234375
0 0.3171875 0.64609375 0.153125 0.1390625
0 0.50703125 0.5828125 0.1203125 0.1
0 0.64765625 0.5875 0.146875 0.1515625
0 0.734375 0.5875 0.075 0.075
0 0.565625 0.51015625 0.0984375 0.10625
0 0.47734375 0.41640625 0.14375 0.140625
0 0.278125 0.4 0.065625 0.065625
0 0.2484375 0.34765625 0.1 0.09375
0 0.04921875 0.14453125 0.0984375 0.1296875
0 0.215625 0.2265625 0.096875 0.0984375
0 0.35390625 0.175 0.1234375 0.1015625
0 0.49296875 0.1890625 0.09375 0.103125
0 0.7078125 0.2375 0.134375 0.109375