0 0.784375 0.52890625 0.0625 0.078125
0 0.7609375 0.53046875 0.046875 0.053125
0 0.71796875 0.371875 0.084375 0.0875
0 0.496875 0.4734375 0.0515625 0.0625
0 0.465625 0.45859375 0.0421875 0.0515625
0 0.44453125 0.39296875 0.09375 0.0765625
0 0.39140625 0.40703125 0.04375 0.0375
0 0.3703125 0.3875 0.0484375 0.04375
0 0.35546875 0.409375 0.0515625 0.0515625
0 0.20703125 0.45 0.0671875 0.0671875
0 0.19140625 0.49453125 0.0296875 0.0515625
0 0.1484375 0.48671875 0.0796875 0.0984375
0 0.19921875 0.37265625 0.05625 0.0703125
0 0.2421875 0.35078125 0.0609375 0.06875