0 0.165625 0.603125 0.15390625 0.1421875
0 0.32109375 0.74375 0.13203125 0.13203125
0 0.5296875 0.6734375 0.103125 0.11796875
0 0.68984375 0.63671875 0.146875 0.13203125
0 0.49765625 0.5828125 0.115625 0.09375
0 0.35703125 0.5953125 0.1390625 0.14453125
0 0.2703125 0.6 0.071875 0.071875
0 0.43515625 0.51328125 0.09375 0.10078125
0 0.51796875 0.415625 0.13671875 0.134375
0 0.71640625 0.38828125 0.0625 0.0625
0 0.74296875 0.334375 0.09609375 0.0890625
0 0.93515625 0.12109375 0.10078125 0.125
0 0.76953125 0.21171875 0.09140625 0.09375
0 0.62890625 0.16796875 0.11796875 0.09609375
0 0.490625 0.1890625 0.0890625 0.0984375
0 0.27890625 0.2484375 0.1296875 0.103125