0 0.84609375 0.5640625 0.01875 0.04375
0 0.81875 0.55078125 0.021875 0.028125
0 0.7953125 0.5515625 0.01875 0.03125
0 0.7765625 0.5203125 0.0359375 0.0484375
0 0.63125 0.6 0.021875 0.0375
0 0.69921875 0.4890625 0.025 0.028125
0 0.6828125 0.459375 0.0171875 0.021875
0 0.66953125 0.43046875 0.0171875 0.03125
0 0.671875 0.478125 0.025 0.034375
0 0.68046875 0.51171875 0.01875 0.04375
0 0.65625 0.509375 0.021875 0.03125
0 0.6234375 0.5265625 0.021875 0.025
0 0.609375 0.525 0.0171875 0.034375
0 0.5953125 0.46875 0.00625 0.028125
0 0.57109375 0.4703125 0.0125 0.0359375
0 0.5578125 0.490625 0.0140625 0.025
0 0.5484375 0.50859375 0.0171875 0.028125
0 0.540625 0.5515625 0.01875 0.034375
0 0.56875 0.5328125 0.01875 0.028125
0 0.58515625 0.55859375 0.0171875 0.03125
0 0.5921875 0.52265625 0.025 0.0359375
0 0.58203125 0.50703125 0.01875 0.025
0 0.509375 0.50625 0.0171875 0.028125
0 0.45078125 0.62109375 0.01875 0.04375
0 0.43046875 0.5953125 0.0140625 0.025
0 0.428125 0.56953125 0.01875 0.0265625
0 0.43984375 0.55859375 0.01875 0.04375
0 0.4375 0.53125 0.0140625 0.028125
0 0.43515625 0.5140625 0.009375 0.01875
0 0.45078125 0.5046875 0.0171875 0.034375
0 0.3390625 0.6265625 0.01875 0.0375
0 0.353125 0.5875 0.025 0.028125
0 0.37109375 0.5734375 0.01875 0.025
0 0.38671875 0.52265625 0.0125 0.01875
0 0.41328125 0.509375 0.025 0.0359375
0 0.40390625 0.54453125 0.0140625 0.021875
0 0.4078125 0.571875 0.025 0.034375
0 0.41328125 0.60546875 0.0140625 0.034375
0 0.38203125 0.49765625 0.021875 0.03125
0 0.34765625 0.51796875 0.021875 0.0265625
0 0.35546875 0.5109375 0.0171875 0.028125
0 0.3609375 0.490625 0.0171875 0.0171875
0 0.3453125 0.46875 0.0140625 0.0265625
0 0.3328125 0.4984375 0.01875 0.028125
0 0.3265625 0.47265625 0.0125 0.028125
0 0.3140625 0.4828125 0.0140625 0.021875
0 0.29921875 0.48671875 0.0125 0.0359375
0 0.30390625 0.5203125 0.0171875 0.034375
0 0.27421875 0.50625 0.0140625 0.0265625
0 0.2921875 0.5046875 0.009375 0.028125
0 0.27890625 0.475 0.0171875 0.0375
0 0.26171875 0.5421875 0.0140625 0.028125
0 0.2453125 0.5140625 0.0140625 0.028125
0 0.225 0.52265625 0.0171875 0.0359375
0 0.21015625 0.453125 0.01875 0.0359375
0 0.2546875 0.490625 0.0125 0.05
0 0.2609375 0.44921875 0.0125 0.021875
0 0.2515625 0.4265625 0.0140625 0.025