0 0.03671875 0.6859375 0.059375 0.08125
0 0.06484375 0.6609375 0.0375 0.04375
0 0.075 0.63046875 0.0328125 0.04375
0 0.1125 0.5859375 0.05 0.071875
0 0.13828125 0.51640625 0.0390625 0.0484375
0 0.16796875 0.48671875 0.0390625 0.0484375
0 0.25625 0.42734375 0.0484375 0.0578125
0 0.290625 0.41328125 0.034375 0.05625
0 0.31640625 0.365625 0.034375 0.053125
0 0.3359375 0.3328125 0.0375 0.04375
0 0.35859375 0.31015625 0.03125 0.0359375
0 0.38828125 0.290625 0.0296875 0.0359375
0 0.31484375 0.75390625 0.05625 0.0890625
0 0.325 0.675 0.0484375 0.0625
0 0.40703125 0.55390625 0.053125 0.0765625
0 0.43359375 0.5046875 0.0453125 0.0609375
0 0.428125 0.44140625 0.0359375 0.046875
0 0.43125 0.41171875 0.0328125 0.04375
0 0.43203125 0.375 0.028125 0.0421875
0 0.45703125 0.340625 0.0484375 0.0578125
0 0.46875 0.30625 0.0296875 0.0375
0 0.3953125 0.07734375 0.01875 0.021875
0 0.4 0.0546875 0.025 0.0265625
0 0.4203125 0.0828125 0.025 0.0265625
0 0.4609375 0.103125 0.028125 0.0234375
0 0.4625 0.090625 0.03125 0.025
0 0.50078125 0.11640625 0.03125 0.0296875
0 0.5421875 0.128125 0.028125 0.03125
0 0.56640625 0.1359375 0.021875 0.025
0 0.61015625 0.13984375 0.025 0.0265625
0 0.6921875 0.1703125 0.0265625 0.0265625
0 0.75078125 0.16015625 0.0296875 0.03125
0 0.75546875 0.18515625 0.0296875 0.0234375
0 0.76953125 0.171875 0.0265625 0.0265625
0 0.7765625 0.1578125 0.01875 0.021875
0 0.7890625 0.17265625 0.025 0.0265625
0 0.809375 0.1640625 0.0234375 0.0234375
0 0.8359375 0.178125 0.0296875 0.0296875
0 0.82734375 0.2015625 0.021875 0.0234375
0 0.88125 0.21015625 0.0328125 0.034375
0 0.83984375 0.19765625 0.021875 0.0234375
0 0.859375 0.2078125 0.0125 0.0203125