0 0.02734375 0.4046875 0.0359375 0.05078125
0 0.07421875 0.3796875 0.040625 0.05546875
0 0.109375 0.35546875 0.02421875 0.0453125
0 0.1296875 0.43515625 0.06484375 0.08203125
0 0.165625 0.38125 0.053125 0.05546875
0 0.21171875 0.3640625 0.0625 0.08671875
0 0.24296875 0.31640625 0.05546875 0.07421875
0 0.33671875 0.53125 0.0578125 0.09609375
0 0.3890625 0.56875 0.05078125 0.08671875
0 0.353125 0.4421875 0.06953125 0.071875
0 0.40234375 0.45703125 0.02890625 0.040625
0 0.36171875 0.38671875 0.03125 0.03828125
0 0.4171875 0.3890625 0.0765625 0.05546875
0 0.59140625 0.4890625 0.06015625 0.071875
0 0.6359375 0.50859375 0.04296875 0.06015625
0 0.7078125 0.50234375 0.06953125 0.07421875
0 0.6828125 0.4828125 0.04296875 0.0359375
0 0.6734375 0.46171875 0.08671875 0.06015625
0 0.63125 0.4234375 0.07421875 0.040625
0 0.74765625 0.4390625 0.071875 0.0671875
0 0.8234375 0.41796875 0.08203125 0.08203125