0 0.18046875 0.55078125 0.18046875 0.11796875
0 0.23046875 0.50703125 0.115625 0.08203125
0 0.28125 0.48046875 0.1203125 0.1109375
0 0.25390625 0.3796875 0.13671875 0.12734375
0 0.3890625 0.44453125 0.09140625 0.0890625
0 0.46484375 0.5984375 0.11328125 0.1734375
0 0.38671875 0.546875 0.040625 0.0671875
0 0.50390625 0.50859375 0.09609375 0.13203125
0 0.44453125 0.24296875 0.03828125 0.13203125
0 0.509375 0.3125 0.103125 0.14453125
0 0.63125 0.40390625 0.06015625 0.09609375
0 0.6390625 0.475 0.0359375 0.0625
0 0.71484375 0.525 0.125 0.178125