0 0.33203125 0.7234375 0.13671875 0.0890625
0 0.50390625 0.696875 0.12734375 0.084375
0 0.2140625 0.5453125 0.15625 0.0578125
0 0.3390625 0.23828125 0.0671875 0.03828125
0 0.41015625 0.3140625 0.0625 0.040625
0 0.50234375 0.5015625 0.10078125 0.0484375
0 0.42578125 0.51953125 0.10546875 0.02421875
0 0.4 0.46484375 0.11328125 0.0578125
0 0.5 0.4109375 0.11796875 0.04296875
0 0.5640625 0.37890625 0.09609375 0.04296875
0 0.59765625 0.34765625 0.06015625 0.02890625
0 0.70546875 0.359375 0.05546875 0.0359375
0 0.66953125 0.2671875 0.084375 0.0359375
0 0.87890625 0.3171875 0.08203125 0.04296875
0 0.94375 0.2640625 0.06015625 0.03359375