0 0.8203125 0.5453125 0.1828125 0.121875
0 0.76953125 0.50234375 0.1171875 0.084375
0 0.71875 0.4765625 0.121875 0.1125
0 0.74375 0.37578125 0.1390625 0.1296875
0 0.61015625 0.44296875 0.0921875 0.090625
0 0.53671875 0.59765625 0.115625 0.175
0 0.6140625 0.54453125 0.0421875 0.0671875
0 0.49609375 0.50859375 0.0984375 0.134375
0 0.55078125 0.2421875 0.040625 0.1328125
0 0.4875 0.3125 0.10625 0.146875
0 0.3671875 0.40625 0.0625 0.096875
0 0.36015625 0.47734375 0.0375 0.0625
0 0.2859375 0.52890625 0.128125 0.1796875