0 0.12578125 0.48046875 0.0734375 0.121875
0 0.3421875 0.73828125 0.075 0.1125
0 0.34609375 0.62578125 0.0546875 0.0734375
0 0.32265625 0.53828125 0.0484375 0.0625
0 0.29609375 0.41328125 0.0921875 0.0875
0 0.3296875 0.47421875 0.040625 0.0453125
0 0.4078125 0.5171875 0.0625 0.08125
0 0.44375 0.45078125 0.06875 0.1
0 0.4984375 0.41171875 0.0859375 0.096875
0 0.540625 0.51171875 0.0703125 0.0890625
0 0.62265625 0.54140625 0.0546875 0.0421875
0 0.7515625 0.53984375 0.053125 0.08125
0 0.76171875 0.46328125 0.053125 0.08125
0 0.81953125 0.49296875 0.059375 0.0859375
0 0.90234375 0.48828125 0.084375 0.0921875
0 0.87265625 0.4234375 0.071875 0.06875
0 0.80625 0.4 0.059375 0.071875
0 0.76328125 0.3640625 0.0421875 0.071875
0 0.73125 0.3953125 0.0546875 0.0890625
0 0.74609375 0.32734375 0.059375 0.0828125
0 0.7046875 0.3 0.034375 0.0609375
0 0.66328125 0.2625 0.0609375 0.0828125
0 0.565625 0.20703125 0.0515625 0.1078125
0 0.48671875 0.15234375 0.040625 0.0625
0 0.46484375 0.125 0.0578125 0.0578125
0 0.53671875 0.1140625 0.0609375 0.0859375
0 0.55390625 0.06171875 0.075 0.0875