0 0.47578125 0.69609375 0.125 0.1140625
0 0.5234375 0.57421875 0.0703125 0.0640625
0 0.57578125 0.559375 0.0640625 0.0484375
0 0.6296875 0.55859375 0.05625 0.053125
0 0.64765625 0.54140625 0.04375 0.0515625
0 0.7078125 0.47421875 0.0484375 0.053125
0 0.70390625 0.4328125 0.040625 0.0515625
0 0.47734375 0.49375 0.0625 0.059375
0 0.42421875 0.50390625 0.04375 0.0515625
0 0.3640625 0.5390625 0.0546875 0.0484375
0 0.32578125 0.571875 0.053125 0.0484375
0 0.309375 0.62734375 0.0609375 0.0546875
0 0.2640625 0.62109375 0.06875 0.05
0 0.17890625 0.58359375 0.05 0.0578125
0 0.22734375 0.54921875 0.046875 0.046875
0 0.12421875 0.621875 0.046875 0.046875
0 0.078125 0.58984375 0.075 0.06875
0 0.0578125 0.5625 0.0375 0.04375
0 0.85546875 0.5 0.028125 0.0421875
0 0.8390625 0.46015625 0.0328125 0.040625
0 0.825 0.42734375 0.0265625 0.0421875