0 0.85078125 0.465625 0.0828125 0.0828125
0 0.8 0.496875 0.0390625 0.0453125
0 0.759375 0.51796875 0.075 0.075
0 0.7125 0.43828125 0.065625 0.065625
0 0.63359375 0.46328125 0.0625 0.0625
0 0.65703125 0.52890625 0.071875 0.059375
0 0.59609375 0.52265625 0.053125 0.06875
0 0.540625 0.565625 0.084375 0.0625
0 0.5453125 0.43125 0.0421875 0.071875
0 0.44140625 0.565625 0.0609375 0.0734375
0 0.496875 0.53828125 0.0421875 0.0546875
0 0.4578125 0.5125 0.0421875 0.0421875
0 0.45703125 0.490625 0.0328125 0.0453125
0 0.440625 0.4625 0.0453125 0.0390625
0 0.41796875 0.41484375 0.0515625 0.05
0 0.4203125 0.53828125 0.0515625 0.046875
0 0.3390625 0.37421875 0.0421875 0.0546875
0 0.278125 0.3359375 0.0671875 0.084375
0 0.18046875 0.3578125 0.0765625 0.0859375
0 0.16796875 0.3078125 0.0234375 0.0515625
0 0.11015625 0.36796875 0.046875 0.0515625
0 0.10546875 0.321875 0.0578125 0.053125
0 0.2546875 0.42578125 0.0875 0.040625
0 0.25078125 0.46328125 0.0515625 0.05
0 0.30859375 0.46015625 0.059375 0.046875
0 0.3640625 0.48046875 0.0609375 0.0625
0 0.3015625 0.50859375 0.046875 0.059375
0 0.3546875 0.5609375 0.0859375 0.0859375
0 0.18984375 0.5828125 0.0546875 0.078125