0 0.64296875 0.7359375 0.0640625 0.0671875
0 0.80859375 0.6875 0.05625 0.0453125
0 0.86640625 0.71171875 0.0765625 0.05
0 0.91015625 0.7109375 0.0625 0.04375
0 0.93671875 0.67890625 0.0671875 0.0796875
0 0.87734375 0.6671875 0.0515625 0.05625
0 0.796875 0.62265625 0.0640625 0.0578125
0 0.73359375 0.5640625 0.0609375 0.0640625
0 0.646875 0.42109375 0.059375 0.0578125
0 0.59296875 0.43203125 0.05 0.05625
0 0.5890625 0.384375 0.0609375 0.0640625
0 0.56875 0.28515625 0.0671875 0.0671875
0 0.45078125 0.428125 0.0453125 0.0578125
0 0.471875 0.396875 0.05625 0.05
0 0.44609375 0.32265625 0.0671875 0.065625
0 0.378125 0.36640625 0.0625 0.0625
0 0.3953125 0.253125 0.04375 0.0640625
0 0.33359375 0.3078125 0.059375 0.059375
0 0.2734375 0.3515625 0.0546875 0.0546875
0 0.1828125 0.35703125 0.065625 0.0625
0 0.2765625 0.2953125 0.0484375 0.0484375
0 0.1265625 0.29921875 0.059375 0.0546875
0 0.11015625 0.2421875 0.05625 0.0453125
0 0.059375 0.284375 0.05625 0.06875
0 0.24453125 0.21640625 0.04375 0.034375
0 0.32578125 0.16640625 0.0546875 0.0375
0 0.2296875 0.18671875 0.05625 0.0546875
0 0.31015625 0.23046875 0.0328125 0.0375