0 0.06015625 0.6390625 0.0359375 0.05078125
0 0.046875 0.609375 0.03828125 0.05546875
0 0.13828125 0.63359375 0.0453125 0.05078125
0 0.11796875 0.6078125 0.03125 0.03125
0 0.15625 0.5984375 0.04296875 0.05546875
0 0.4015625 0.3546875 0.02890625 0.03359375
0 0.4265625 0.35703125 0.0359375 0.03359375
0 0.4484375 0.35078125 0.0140625 0.01953125
0 0.2796875 0.775 0.04296875 0.07421875
0 0.48203125 0.7859375 0.05078125 0.053125
0 0.56640625 0.834375 0.0765625 0.09140625
0 0.68359375 0.8125 0.0578125 0.06015625
0 0.80546875 0.73046875 0.021875 0.053125
0 0.884375 0.62265625 0.04296875 0.04296875
0 0.9359375 0.696875 0.04296875 0.05546875
0 0.7125 0.603125 0.01953125 0.03359375
0 0.30546875 0.6921875 0.0453125 0.08203125
0 0.34609375 0.7140625 0.021875 0.0453125
0 0.3640625 0.6703125 0.02890625 0.06953125
0 0.3453125 0.6359375 0.02890625 0.06484375
0 0.4046875 0.671875 0.03828125 0.0484375
0 0.41796875 0.7078125 0.02890625 0.0671875
0 0.4546875 0.66796875 0.040625 0.05546875
0 0.5171875 0.69375 0.03359375 0.0578125
0 0.5296875 0.646875 0.04296875 0.05546875
0 0.5828125 0.7296875 0.053125 0.06484375
0 0.6296875 0.703125 0.0359375 0.06484375
0 0.6515625 0.70078125 0.021875 0.05078125
0 0.6890625 0.68515625 0.05078125 0.06015625