0 0.54453125 0.6921875 0.115625 0.103125
0 0.484375 0.5765625 0.06484375 0.0578125
0 0.43125 0.5671875 0.06015625 0.04296875
0 0.37734375 0.571875 0.05078125 0.0484375
0 0.3578125 0.55625 0.03828125 0.0484375
0 0.290625 0.49609375 0.04296875 0.0484375
0 0.28984375 0.4546875 0.0359375 0.0484375
0 0.521875 0.49140625 0.0578125 0.053125
0 0.57578125 0.49609375 0.03828125 0.0484375
0 0.6390625 0.525 0.05078125 0.04296875
0 0.68046875 0.553125 0.0484375 0.04296875
0 0.703125 0.60703125 0.05546875 0.0484375
0 0.74765625 0.59609375 0.06484375 0.04296875
0 0.828125 0.54921875 0.0453125 0.053125
0 0.7765625 0.5203125 0.04296875 0.04296875
0 0.88671875 0.58203125 0.04296875 0.04296875
0 0.92890625 0.5453125 0.06953125 0.0625
0 0.94609375 0.515625 0.03359375 0.040625
0 0.146875 0.5375 0.02421875 0.040625
0 0.15859375 0.49609375 0.02890625 0.03828125
0 0.16953125 0.46171875 0.021875 0.040625