0 0.20703125 0.36875 0.034375 0.034375
0 0.28203125 0.35625 0.0203125 0.03125
0 0.33984375 0.36796875 0.0296875 0.0359375
0 0.37109375 0.42890625 0.0359375 0.034375
0 0.39609375 0.44921875 0.034375 0.0359375
0 0.47734375 0.39453125 0.0265625 0.0421875
0 0.5015625 0.440625 0.0234375 0.0359375
0 0.4109375 0.57890625 0.0203125 0.03125
0 0.225 0.6859375 0.028125 0.05625
0 0.178125 0.65 0.0359375 0.040625
0 0.30625 0.61171875 0.0328125 0.0390625
0 0.334375 0.6234375 0.034375 0.0421875
0 0.43359375 0.6578125 0.0515625 0.046875
0 0.4734375 0.65625 0.034375 0.0359375
0 0.4984375 0.63671875 0.0375 0.0453125
0 0.528125 0.6390625 0.0265625 0.03125
0 0.56328125 0.62421875 0.0453125 0.0515625
0 0.5734375 0.67109375 0.0359375 0.04375
0 0.5875 0.54765625 0.034375 0.05625
0 0.56015625 0.3546875 0.0390625 0.04375
0 0.43359375 0.33125 0.0296875 0.03125
0 0.5296875 0.29765625 0.03125 0.03125
0 0.65 0.28046875 0.0296875 0.0328125
0 0.56640625 0.29296875 0.025 0.034375
0 0.55234375 0.27734375 0.0234375 0.028125
0 0.6109375 0.29375 0.0265625 0.0265625
0 0.59140625 0.28515625 0.0265625 0.03125