0 0.4390625 0.6875 0.1234375 0.1125
0 0.50859375 0.57734375 0.0703125 0.0625
0 0.5625 0.57265625 0.0640625 0.0484375
0 0.615625 0.58203125 0.0546875 0.053125
0 0.63671875 0.56875 0.0421875 0.0515625
0 0.70859375 0.5140625 0.046875 0.0515625
0 0.71328125 0.4734375 0.040625 0.0515625
0 0.47890625 0.48984375 0.0625 0.0578125
0 0.425 0.48984375 0.0421875 0.0515625
0 0.359375 0.5125 0.0546875 0.046875
0 0.315625 0.5375 0.0515625 0.046875
0 0.28828125 0.5890625 0.059375 0.053125
0 0.24453125 0.57421875 0.06875 0.0484375
0 0.16875 0.5203125 0.05 0.05625
0 0.22265625 0.49609375 0.046875 0.046875
0 0.1078125 0.54765625 0.046875 0.046875
0 0.06875 0.5078125 0.075 0.06875
0 0.05390625 0.4765625 0.0375 0.04375
0 0.8484375 0.56796875 0.028125 0.0421875
0 0.840625 0.52578125 0.0328125 0.040625
0 0.8328125 0.490625 0.025 0.0421875