0 0.6328125 0.7609375 0.0625 0.084375
0 0.56015625 0.7796875 0.0578125 0.0625
0 0.5015625 0.74921875 0.0640625 0.08125
0 0.44296875 0.7265625 0.0484375 0.0609375
0 0.575 0.709375 0.0703125 0.0625
0 0.4859375 0.68046875 0.0625 0.0703125
0 0.365625 0.6546875 0.06875 0.075
0 0.3296875 0.625 0.0390625 0.0453125
0 0.5140625 0.5796875 0.0984375 0.046875
0 0.49375 0.55390625 0.0546875 0.0265625
0 0.659375 0.50625 0.0796875 0.0734375
0 0.6546875 0.45703125 0.046875 0.0484375
0 0.60859375 0.48671875 0.059375 0.053125
0 0.53046875 0.490625 0.08125 0.0640625
0 0.3890625 0.47109375 0.071875 0.04375
0 0.1875 0.5 0.140625 0.0640625
0 0.18203125 0.4359375 0.115625 0.0453125
0 0.10546875 0.4046875 0.053125 0.040625
0 0.071875 0.36953125 0.0609375 0.0453125
0 0.1703125 0.371875 0.084375 0.0546875
0 0.27109375 0.3765625 0.0640625 0.053125
0 0.40234375 0.40703125 0.0859375 0.0546875
0 0.70625 0.39609375 0.109375 0.0546875
0 0.6109375 0.378125 0.0625 0.0390625
0 0.553125 0.3359375 0.0890625 0.0453125
0 0.52578125 0.271875 0.071875 0.0375
0 0.43828125 0.31875 0.0453125 0.0328125
0 0.3625 0.31015625 0.0578125 0.0296875
0 0.29921875 0.30859375 0.0671875 0.04375
0 0.30859375 0.26171875 0.0421875 0.0296875
0 0.02421875 0.3234375 0.0484375 0.04375