0 0.82109375 0.55625 0.0671875 0.071875
0 0.871875 0.3421875 0.059375 0.0890625
0 0.7953125 0.3125 0.0390625 0.0390625
0 0.7515625 0.3421875 0.0578125 0.0625
0 0.72890625 0.38671875 0.059375 0.059375
0 0.6734375 0.39296875 0.028125 0.0421875
0 0.62578125 0.4265625 0.0609375 0.0875
0 0.690625 0.29140625 0.08125 0.0859375
0 0.60625 0.36015625 0.084375 0.0859375
0 0.74453125 0.51640625 0.084375 0.0609375
0 0.7140625 0.60078125 0.0984375 0.075
0 0.6828125 0.51640625 0.053125 0.0640625
0 0.6265625 0.52734375 0.0875 0.0515625
0 0.6375 0.578125 0.071875 0.059375
0 0.5796875 0.6 0.0953125 0.0875
0 0.65 0.665625 0.090625 0.0734375
0 0.48203125 0.57578125 0.0734375 0.0640625
0 0.50390625 0.54140625 0.0734375 0.0546875
0 0.50703125 0.41953125 0.0859375 0.0859375
0 0.49296875 0.29609375 0.0734375 0.0609375
0 0.43828125 0.37109375 0.06875 0.0671875
0 0.35546875 0.3796875 0.0796875 0.078125
0 0.31953125 0.2765625 0.0796875 0.084375
0 0.28828125 0.4625 0.0890625 0.1
0 0.2515625 0.54765625 0.059375 0.09375
0 0.1671875 0.48515625 0.0890625 0.11875
0 0.09375 0.46640625 0.0453125 0.0515625
0 0.1 0.52734375 0.053125 0.0671875
0 0.13125 0.32890625 0.125 0.0984375
0 0.16640625 0.2828125 0.065625 0.071875
0 0.221875 0.30625 0.078125 0.0671875