0 0.621875 0.7515625 0.1515625 0.1140625
0 0.45859375 0.6921875 0.140625 0.1078125
0 0.771875 0.59921875 0.1640625 0.0859375
0 0.7078125 0.2734375 0.0734375 0.05
0 0.6234375 0.334375 0.06875 0.0515625
0 0.49765625 0.50078125 0.1078125 0.0671875
0 0.56875 0.53359375 0.1078125 0.04375
0 0.6046875 0.484375 0.121875 0.078125
0 0.5171875 0.4125 0.1234375 0.0640625
0 0.46015625 0.36875 0.103125 0.0609375
0 0.43359375 0.33203125 0.0640625 0.040625
0 0.325 0.32265625 0.0609375 0.0453125
0 0.378125 0.2390625 0.0890625 0.0515625
0 0.16328125 0.2484375 0.0890625 0.0578125
0 0.109375 0.18359375 0.065625 0.04375