0 0.82578125 0.5 0.0578125 0.0625
0 0.8390625 0.2796875 0.0453125 0.08125
0 0.75859375 0.2640625 0.034375 0.034375
0 0.7203125 0.30078125 0.0484375 0.05625
0 0.70546875 0.3484375 0.05 0.05
0 0.65234375 0.3640625 0.021875 0.0375
0 0.6109375 0.40625 0.0484375 0.0796875
0 0.6515625 0.26171875 0.06875 0.075
0 0.58046875 0.34375 0.071875 0.075
0 0.74375 0.4734375 0.0765625 0.0484375
0 0.728125 0.5625 0.0890625 0.059375
0 0.6828125 0.484375 0.04375 0.0578125
0 0.6296875 0.5046875 0.08125 0.0375
0 0.64921875 0.553125 0.065625 0.0484375
0 0.59609375 0.584375 0.084375 0.075
0 0.6765625 0.63671875 0.08125 0.059375
0 0.4953125 0.578125 0.065625 0.053125
0 0.5109375 0.53984375 0.0671875 0.04375
0 0.49296875 0.41953125 0.075 0.075
0 0.4578125 0.30078125 0.065625 0.05
0 0.4171875 0.38359375 0.059375 0.0578125
0 0.33671875 0.40625 0.06875 0.0671875
0 0.28359375 0.3109375 0.0671875 0.075
0 0.28515625 0.5 0.075 0.0890625
0 0.26328125 0.58984375 0.0453125 0.0875
0 0.16953125 0.54296875 0.071875 0.1078125
0 0.09375 0.5375 0.0375 0.0453125
0 0.1109375 0.59609375 0.04375 0.059375
0 0.10703125 0.3953125 0.1125 0.0796875
0 0.13359375 0.34375 0.05625 0.0625
0 0.1921875 0.3578125 0.06875 0.05625