0 0.66015625 0.14375 0.2625 0.1453125
0 0.63984375 0.178125 0.1140625 0.0640625
0 0.54140625 0.18359375 0.159375 0.071875
0 0.21875 0.13671875 0.2453125 0.1421875
0 0.52109375 0.24140625 0.290625 0.15
0 0.69609375 0.31484375 0.2078125 0.1234375
0 0.60234375 0.3546875 0.159375 0.1125
0 0.409375 0.31875 0.215625 0.140625
0 0.7671875 0.4140625 0.203125 0.1390625
0 0.728125 0.48984375 0.1625 0.115625
0 0.52109375 0.428125 0.196875 0.1125
0 0.36328125 0.49140625 0.271875 0.134375
0 0.56875 0.59765625 0.2203125 0.103125
0 0.57265625 0.69140625 0.39375 0.21875
0 0.23046875 0.596875 0.3234375 0.196875
0 0.3078125 0.54765625 0.1953125 0.1046875