0 0.12578125 0.196875 0.0390625 0.0484375
0 0.08984375 0.33203125 0.0390625 0.0484375
0 0.1765625 0.2484375 0.0265625 0.034375
0 0.22421875 0.28359375 0.025 0.0484375
0 0.19453125 0.35234375 0.04375 0.0390625
0 0.27578125 0.3015625 0.0375 0.0609375
0 0.253125 0.38828125 0.034375 0.0765625
0 0.34921875 0.46484375 0.0375 0.071875
0 0.34765625 0.55859375 0.0609375 0.075
0 0.43203125 0.59453125 0.05625 0.0828125
0 0.4234375 0.53203125 0.0546875 0.05625
0 0.46796875 0.41875 0.05 0.0921875
0 0.45078125 0.346875 0.0421875 0.0578125
0 0.475 0.28046875 0.034375 0.0484375
0 0.3984375 0.2 0.028125 0.0609375
0 0.421875 0.14140625 0.0421875 0.0578125
0 0.46015625 0.1890625 0.0375 0.0578125
0 0.4828125 0.2328125 0.0390625 0.03125
0 0.5671875 0.228125 0.0328125 0.0578125
0 0.54140625 0.3203125 0.021875 0.04375
0 0.56796875 0.390625 0.0875 0.0859375
0 0.671875 0.37421875 0.0375 0.075
0 0.58203125 0.559375 0.0546875 0.0703125
0 0.5359375 0.48046875 0.046875 0.05
0 0.7140625 0.52890625 0.05625 0.06875
0 0.68359375 0.71484375 0.0703125 0.078125
0 0.7359375 0.621875 0.04375 0.065625
0 0.92890625 0.4703125 0.0328125 0.0984375
0 0.78203125 0.696875 0.0703125 0.05625
0 0.7875 0.77890625 0.0921875 0.08125