0 0.14765625 0.49609375 0.0765625 0.0765625
0 0.20078125 0.52265625 0.0359375 0.04296875
0 0.24296875 0.540625 0.06953125 0.06953125
0 0.2828125 0.45703125 0.06015625 0.06015625
0 0.3640625 0.475 0.0578125 0.0578125
0 0.34609375 0.5421875 0.0671875 0.053125
0 0.40625 0.53125 0.0484375 0.06484375
0 0.46484375 0.56875 0.0796875 0.05546875
0 0.44921875 0.43515625 0.0359375 0.06953125
0 0.5640625 0.56015625 0.05546875 0.06953125
0 0.50625 0.5375 0.03828125 0.05078125
0 0.54296875 0.50859375 0.03828125 0.03828125
0 0.5421875 0.48671875 0.02890625 0.04296875
0 0.55625 0.4578125 0.04296875 0.0359375
0 0.57421875 0.4078125 0.0484375 0.0453125
0 0.5828125 0.53125 0.0484375 0.04296875
0 0.64921875 0.3609375 0.03828125 0.05078125
0 0.70703125 0.3171875 0.06015625 0.0796875
0 0.80625 0.33046875 0.06953125 0.0796875
0 0.8140625 0.2796875 0.01953125 0.05078125
0 0.8765625 0.334375 0.04296875 0.0484375
0 0.87734375 0.28828125 0.053125 0.0484375
0 0.73828125 0.4046875 0.084375 0.03359375
0 0.7453125 0.44140625 0.0484375 0.0453125
0 0.6875 0.44375 0.05546875 0.04296875
0 0.63359375 0.46875 0.05546875 0.0578125
0 0.6984375 0.49140625 0.04296875 0.05546875
0 0.65 0.5484375 0.0796875 0.0796875
0 0.81640625 0.55546875 0.0484375 0.07421875