0 0.1203125 0.203125 0.03828125 0.0484375
0 0.08671875 0.3390625 0.03828125 0.0484375
0 0.171875 0.25390625 0.0265625 0.03359375
0 0.2203125 0.28828125 0.02421875 0.0484375
0 0.1921875 0.3578125 0.04296875 0.03828125
0 0.27265625 0.30546875 0.0359375 0.06015625
0 0.2515625 0.39296875 0.03359375 0.0765625
0 0.3484375 0.4671875 0.0359375 0.071875
0 0.3484375 0.5609375 0.06015625 0.07421875
0 0.43359375 0.59609375 0.05546875 0.08203125
0 0.42421875 0.53359375 0.053125 0.05546875
0 0.46640625 0.41953125 0.0484375 0.09140625
0 0.4484375 0.34765625 0.040625 0.0578125
0 0.47109375 0.28125 0.03359375 0.0484375
0 0.39296875 0.2015625 0.0265625 0.06015625
0 0.415625 0.14296875 0.040625 0.0578125
0 0.4546875 0.18984375 0.0359375 0.0578125
0 0.478125 0.2328125 0.03828125 0.03125
0 0.5625 0.22734375 0.03125 0.0578125
0 0.53828125 0.31953125 0.021875 0.04296875
0 0.56640625 0.3890625 0.08671875 0.084375
0 0.66953125 0.37109375 0.0359375 0.07421875
0 0.5828125 0.5578125 0.053125 0.06953125
0 0.5359375 0.4796875 0.0453125 0.0484375
0 0.71484375 0.525 0.05546875 0.0671875
0 0.6875 0.71171875 0.06953125 0.0765625
0 0.73828125 0.61796875 0.04296875 0.06484375
0 0.928125 0.4625 0.03125 0.0984375
0 0.78515625 0.6921875 0.06953125 0.05546875
0 0.7921875 0.77421875 0.09140625 0.0796875