0 0.0453125 0.65859375 0.05078125 0.06953125
0 0.109375 0.70703125 0.0484375 0.06015625
0 0.11875 0.6359375 0.03828125 0.040625
0 0.1359375 0.58515625 0.04296875 0.03359375
0 0.16953125 0.61328125 0.02890625 0.0265625
0 0.1859375 0.6390625 0.03125 0.04296875
0 0.19921875 0.5640625 0.0359375 0.04296875
0 0.22734375 0.584375 0.02421875 0.01953125
0 0.26953125 0.5828125 0.0359375 0.040625
0 0.3640625 0.6109375 0.0359375 0.040625
0 0.5484375 0.4640625 0.04296875 0.03359375
0 0.57109375 0.52421875 0.03359375 0.0484375
0 0.59609375 0.45546875 0.01953125 0.04296875
0 0.6078125 0.46640625 0.0265625 0.0359375
0 0.65 0.48828125 0.02890625 0.0359375
0 0.625 0.4890625 0.02421875 0.03359375
0 0.634375 0.44140625 0.01953125 0.0453125
0 0.6609375 0.43046875 0.03125 0.040625
0 0.67421875 0.46640625 0.0265625 0.040625
0 0.69921875 0.49375 0.0265625 0.03359375
0 0.7046875 0.459375 0.01953125 0.02890625
0 0.71640625 0.4203125 0.02890625 0.04296875
0 0.74609375 0.4578125 0.02421875 0.0484375
0 0.7703125 0.4328125 0.0265625 0.053125
0 0.834375 0.4515625 0.03828125 0.06015625
0 0.94921875 0.49375 0.03359375 0.06015625