0 0.03984375 0.52890625 0.046875 0.0578125
0 0.03359375 0.496875 0.05 0.0625
0 0.11640625 0.5421875 0.05625 0.0609375
0 0.103125 0.5125 0.0375 0.0375
0 0.14296875 0.5125 0.0546875 0.0640625
0 0.43984375 0.33515625 0.0359375 0.0390625
0 0.46328125 0.34375 0.04375 0.040625
0 0.4859375 0.34296875 0.01875 0.021875
0 0.21953125 0.71328125 0.059375 0.0828125
0 0.41328125 0.7734375 0.0625 0.0640625
0 0.48359375 0.840625 0.096875 0.1078125
0 0.60234375 0.84765625 0.0703125 0.071875
0 0.740625 0.79765625 0.034375 0.05625
0 0.84296875 0.71171875 0.0515625 0.0515625
0 0.875 0.796875 0.0546875 0.0640625
0 0.68125 0.6515625 0.0265625 0.0375
0 0.26484375 0.6390625 0.0640625 0.090625
0 0.29921875 0.6703125 0.0328125 0.05
0 0.3265625 0.63203125 0.0453125 0.075
0 0.3171875 0.59453125 0.04375 0.0703125
0 0.365625 0.64375 0.0484375 0.05625
0 0.3703125 0.68203125 0.04375 0.071875
0 0.415625 0.65234375 0.053125 0.0640625
0 0.46953125 0.6921875 0.046875 0.0640625
0 0.49296875 0.65 0.0546875 0.0640625
0 0.525 0.74296875 0.0671875 0.075
0 0.5765625 0.728125 0.05 0.071875
0 0.5984375 0.73125 0.0328125 0.0546875
0 0.63828125 0.72578125 0.0640625 0.0703125