0 0.44765625 0.69375 0.1046875 0.1
0 0.5140625 0.57421875 0.065625 0.059375
0 0.565625 0.565625 0.0453125 0.0421875
0 0.640625 0.571875 0.075 0.0609375
0 0.70703125 0.5 0.0515625 0.0375
0 0.71953125 0.46328125 0.0359375 0.034375
0 0.4828125 0.49296875 0.0609375 0.05
0 0.41953125 0.4984375 0.04375 0.04375
0 0.36328125 0.52421875 0.04375 0.0390625
0 0.32265625 0.5546875 0.0359375 0.04375
0 0.29375 0.60703125 0.0609375 0.0515625
0 0.25546875 0.58359375 0.0453125 0.0390625
0 0.175 0.5453125 0.0390625 0.0578125
0 0.11171875 0.5796875 0.04375 0.05625
0 0.07734375 0.54453125 0.0640625 0.065625
0 0.05078125 0.50078125 0.034375 0.0515625
0 0.846875 0.5375 0.021875 0.03125
0 0.83515625 0.465625 0.0140625 0.0296875
0 0.834375 0.50546875 0.040625 0.0265625