0 0.40859375 0.678125 0.121875 0.11875
0 0.4984375 0.57578125 0.0765625 0.0703125
0 0.55 0.578125 0.053125 0.05
0 0.62265625 0.6 0.0859375 0.075
0 0.70234375 0.54296875 0.0578125 0.046875
0 0.72265625 0.509375 0.0421875 0.040625
0 0.48515625 0.4890625 0.06875 0.0609375
0 0.421875 0.48203125 0.0515625 0.0515625
0 0.36171875 0.4953125 0.05 0.046875
0 0.31484375 0.51640625 0.0453125 0.05
0 0.27578125 0.56171875 0.0703125 0.0625
0 0.24375 0.53046875 0.053125 0.046875
0 0.17265625 0.4765625 0.05 0.065625
0 0.10390625 0.49765625 0.0546875 0.0640625
0 0.07734375 0.45546875 0.075 0.0765625
0 0.06015625 0.40703125 0.04375 0.0578125
0 0.83203125 0.60859375 0.028125 0.0359375
0 0.83515625 0.53671875 0.0203125 0.03125
0 0.82578125 0.575 0.0453125 0.034375