0 0.8453125 0.56953125 0.090625 0.090625
0 0.78828125 0.584375 0.04375 0.05
0 0.74296875 0.59296875 0.0828125 0.0828125
0 0.72109375 0.503125 0.071875 0.071875
0 0.63828125 0.50390625 0.06875 0.06875
0 0.64140625 0.5734375 0.0765625 0.065625
0 0.58515625 0.55 0.0609375 0.0734375
0 0.5203125 0.57421875 0.0890625 0.0703125
0 0.56328125 0.446875 0.05 0.075
0 0.425 0.5453125 0.06875 0.0796875
0 0.4859375 0.53515625 0.0484375 0.0578125
0 0.45625 0.49921875 0.0453125 0.0453125
0 0.46171875 0.478125 0.0375 0.0484375
0 0.45390625 0.446875 0.05 0.04375
0 0.446875 0.39453125 0.05625 0.0546875
0 0.4125 0.51328125 0.05625 0.0515625
0 0.3828125 0.3328125 0.0484375 0.0578125
0 0.33515625 0.278125 0.075 0.090625
0 0.2359375 0.2703125 0.084375 0.0921875
0 0.23828125 0.21953125 0.0296875 0.053125
0 0.16640625 0.259375 0.0515625 0.05625
0 0.175 0.21484375 0.0625 0.0578125
0 0.28671875 0.35703125 0.0890625 0.05
0 0.271875 0.39140625 0.05625 0.0546875
0 0.328125 0.40625 0.0625 0.053125
0 0.37578125 0.44140625 0.065625 0.06875
0 0.3078125 0.45 0.053125 0.0625
0 0.34296875 0.51640625 0.09375 0.09375
0 0.17890625 0.48828125 0.0625 0.0828125