0 0.096875 0.7640625 0.065625 0.0796875
0 0.17109375 0.7953125 0.0609375 0.0703125
0 0.16328125 0.72421875 0.046875 0.0484375
0 0.1671875 0.6703125 0.05 0.04375
0 0.20703125 0.68984375 0.034375 0.0328125
0 0.22890625 0.7109375 0.040625 0.05
0 0.2234375 0.63515625 0.0453125 0.05
0 0.25546875 0.64765625 0.028125 0.025
0 0.29609375 0.6359375 0.0453125 0.0484375
0 0.3953125 0.640625 0.0453125 0.0484375
0 0.53828125 0.453125 0.05 0.04375
0 0.575 0.50625 0.04375 0.0546875
0 0.5828125 0.43359375 0.0296875 0.046875
0 0.59609375 0.44140625 0.034375 0.040625
0 0.64296875 0.45234375 0.0375 0.0421875
0 0.61875 0.459375 0.03125 0.0390625
0 0.61640625 0.4109375 0.0296875 0.0484375
0 0.6390625 0.39375 0.040625 0.046875
0 0.6609375 0.425 0.0359375 0.0453125
0 0.69140625 0.44609375 0.034375 0.0390625
0 0.6890625 0.4109375 0.0265625 0.0328125
0 0.690625 0.3703125 0.0390625 0.0484375
0 0.72890625 0.39921875 0.0359375 0.053125
0 0.74609375 0.36953125 0.0390625 0.0578125
0 0.8125 0.371875 0.0515625 0.0671875
0 0.934375 0.38515625 0.046875 0.0671875