0 0.3765625 0.18359375 0.10078125 0.040625
0 0.4078125 0.21171875 0.10078125 0.03359375
0 0.37109375 0.18125 0.08203125 0.03125
0 0.50625 0.2234375 0.0671875 0.0359375
0 0.603125 0.2671875 0.06953125 0.03359375
0 0.64765625 0.2328125 0.084375 0.03828125
0 0.3890625 0.27890625 0.11328125 0.040625
0 0.4671875 0.3109375 0.09375 0.03359375
0 0.41484375 0.3859375 0.0984375 0.0453125
0 0.553125 0.42890625 0.10078125 0.0453125
0 0.47109375 0.4421875 0.103125 0.03359375
0 0.6625 0.44375 0.07421875 0.03359375
0 0.5359375 0.4890625 0.08203125 0.04296875
0 0.490625 0.446875 0.0625 0.0265625
0 0.353125 0.49375 0.08203125 0.0625
0 0.178125 0.56953125 0.0484375 0.071875
0 0.25703125 0.58515625 0.0578125 0.05078125
0 0.2203125 0.63125 0.06015625 0.021875
0 0.2953125 0.6609375 0.0625 0.053125
0 0.36328125 0.64921875 0.0984375 0.040625
0 0.30078125 0.76796875 0.12734375 0.071875
0 0.453125 0.71640625 0.09140625 0.0453125
0 0.55078125 0.5328125 0.09140625 0.03828125
0 0.553125 0.56484375 0.06015625 0.03828125
0 0.7015625 0.4890625 0.0625 0.04296875
0 0.6828125 0.5375 0.10546875 0.05078125
0 0.71171875 0.5765625 0.0484375 0.03359375
0 0.67578125 0.56484375 0.03828125 0.02890625
0 0.64296875 0.5875 0.11328125 0.02421875
0 0.63203125 0.6234375 0.03125 0.021875
0 0.73828125 0.6703125 0.06015625 0.053125