0 0.390625 0.771875 0.05546875 0.0796875
0 0.4640625 0.78359375 0.053125 0.0578125
0 0.5203125 0.7484375 0.0578125 0.0765625
0 0.5765625 0.72109375 0.04296875 0.0578125
0 0.44375 0.71484375 0.06484375 0.0578125
0 0.5296875 0.67890625 0.0578125 0.06484375
0 0.64765625 0.6421875 0.0625 0.06953125
0 0.68046875 0.609375 0.0359375 0.04296875
0 0.49296875 0.58046875 0.09609375 0.03828125
0 0.5109375 0.553125 0.053125 0.021875
0 0.34140625 0.5203125 0.07421875 0.0671875
0 0.3421875 0.4703125 0.04296875 0.0453125
0 0.390625 0.49609375 0.05546875 0.0484375
0 0.46875 0.49296875 0.0765625 0.0578125
0 0.6078125 0.46171875 0.06953125 0.03828125
0 0.8109375 0.47265625 0.13671875 0.053125
0 0.8109375 0.40859375 0.11328125 0.0359375
0 0.884375 0.3703125 0.05078125 0.0359375
0 0.91484375 0.3328125 0.0578125 0.040625
0 0.8171875 0.34375 0.0796875 0.0484375
0 0.7171875 0.35703125 0.06015625 0.0484375
0 0.5890625 0.39921875 0.08203125 0.0484375
0 0.28515625 0.41484375 0.10546875 0.0453125
0 0.37890625 0.38828125 0.06015625 0.03359375
0 0.4328125 0.34140625 0.08671875 0.03828125
0 0.4546875 0.275 0.06953125 0.03125
0 0.5453125 0.3140625 0.04296875 0.02890625
0 0.6203125 0.29921875 0.05546875 0.02421875
0 0.68359375 0.2921875 0.06484375 0.03828125
0 0.6703125 0.24609375 0.040625 0.0265625
0 0.96484375 0.2828125 0.0578125 0.03828125