0 0.17421875 0.5 0.0578125 0.0625
0 0.1609375 0.2796875 0.0453125 0.08203125
0 0.24140625 0.2640625 0.03359375 0.03359375
0 0.2796875 0.30078125 0.0484375 0.05546875
0 0.29453125 0.3484375 0.05078125 0.05078125
0 0.34765625 0.3640625 0.021875 0.03828125
0 0.3890625 0.40625 0.0484375 0.0796875
0 0.3484375 0.26171875 0.06953125 0.07421875
0 0.41953125 0.34375 0.071875 0.07421875
0 0.25625 0.4734375 0.0765625 0.0484375
0 0.271875 0.5625 0.0890625 0.06015625
0 0.3171875 0.484375 0.04296875 0.0578125
0 0.3703125 0.5046875 0.08203125 0.03828125
0 0.35078125 0.553125 0.06484375 0.0484375
0 0.40390625 0.584375 0.084375 0.07421875
0 0.3234375 0.63671875 0.08203125 0.06015625
0 0.5046875 0.578125 0.06484375 0.053125
0 0.4890625 0.53984375 0.0671875 0.04296875
0 0.50703125 0.41953125 0.07421875 0.07421875
0 0.5421875 0.30078125 0.06484375 0.05078125
0 0.5828125 0.38359375 0.06015625 0.0578125
0 0.66328125 0.40625 0.06953125 0.0671875
0 0.71640625 0.3109375 0.0671875 0.07421875
0 0.71484375 0.5 0.07421875 0.0890625
0 0.73671875 0.58984375 0.0453125 0.08671875
0 0.83046875 0.54296875 0.071875 0.1078125
0 0.90625 0.5375 0.03828125 0.0453125
0 0.8890625 0.59609375 0.04296875 0.06015625
0 0.89296875 0.3953125 0.11328125 0.0796875
0 0.86640625 0.34375 0.05546875 0.0625
0 0.8078125 0.3578125 0.06953125 0.05546875