0 0.40390625 0.12109375 0.24765625 0.103125
0 0.41796875 0.15859375 0.1078125 0.0453125
0 0.5140625 0.18125 0.15390625 0.0453125
0 0.83984375 0.19140625 0.23046875 0.103125
0 0.52421875 0.24140625 0.2765625 0.103125
0 0.3390625 0.28359375 0.19453125 0.09140625
0 0.42421875 0.3390625 0.146875 0.0890625
0 0.6203125 0.3375 0.19921875 0.1078125
0 0.2515625 0.36875 0.1875 0.1078125
0 0.27734375 0.45078125 0.14921875 0.09140625
0 0.49140625 0.42578125 0.18515625 0.08203125
0 0.6359375 0.515625 0.259375 0.09140625
0 0.415625 0.584375 0.21171875 0.0671875
0 0.3953125 0.67578125 0.37265625 0.15625
0 0.7484375 0.6421875 0.303125 0.146875
0 0.68125 0.58046875 0.18515625 0.07421875