0 0.8234375 0.4890625 0.2 0.15
0 0.765625 0.45546875 0.1296875 0.103125
0 0.7109375 0.4390625 0.1390625 0.13125
0 0.71875 0.33515625 0.1578125 0.1515625
0 0.5984375 0.42421875 0.10625 0.1046875
0 0.553125 0.58984375 0.14375 0.1921875
0 0.6203125 0.52421875 0.053125 0.0734375
0 0.49765625 0.509375 0.11875 0.1484375
0 0.50546875 0.23671875 0.0625 0.1375
0 0.4546875 0.31796875 0.128125 0.1609375
0 0.353125 0.43046875 0.078125 0.10625
0 0.35859375 0.50234375 0.046875 0.06875
0 0.29375 0.565625 0.15625 0.1984375