0 0.125 0.49375 0.0765625 0.1234375
0 0.35078125 0.74375 0.078125 0.1140625
0 0.35078125 0.63125 0.05625 0.0734375
0 0.3234375 0.54453125 0.05 0.0640625
0 0.29296875 0.4203125 0.09375 0.0890625
0 0.32890625 0.48046875 0.0421875 0.046875
0 0.40859375 0.5203125 0.065625 0.0828125
0 0.44140625 0.453125 0.0703125 0.1015625
0 0.4953125 0.41171875 0.0875 0.0984375
0 0.540625 0.51015625 0.0734375 0.090625
0 0.62421875 0.53671875 0.05625 0.04375
0 0.753125 0.53046875 0.05625 0.0828125
0 0.76015625 0.45390625 0.05625 0.0828125
0 0.81875 0.48203125 0.0609375 0.0875
0 0.9015625 0.47421875 0.0875 0.09375
0 0.86953125 0.41015625 0.075 0.0703125
0 0.80234375 0.38984375 0.0609375 0.0734375
0 0.75859375 0.35546875 0.0453125 0.071875
0 0.72734375 0.3875 0.05625 0.090625
0 0.73984375 0.31875 0.0609375 0.084375
0 0.69765625 0.29296875 0.0359375 0.0609375
0 0.6546875 0.25703125 0.0640625 0.084375
0 0.5546875 0.2046875 0.05625 0.1078125
0 0.47421875 0.153125 0.04375 0.0625
0 0.4515625 0.1265625 0.059375 0.059375
0 0.52265625 0.1125 0.0640625 0.0875
0 0.53828125 0.06015625 0.078125 0.0890625