0 0.70625 0.25390625 0.034375 0.034375
0 0.6328125 0.275 0.0203125 0.03125
0 0.5859375 0.3109375 0.03125 0.0359375
0 0.58515625 0.3796875 0.0375 0.0359375
0 0.571875 0.40859375 0.0359375 0.0375
0 0.47421875 0.3953125 0.028125 0.0421875
0 0.47265625 0.44765625 0.025 0.0375
0 0.6140625 0.53203125 0.0203125 0.03125
0 0.82890625 0.546875 0.0296875 0.05625
0 0.85546875 0.49375 0.0375 0.0421875
0 0.72265625 0.515625 0.034375 0.0390625
0 0.703125 0.5390625 0.034375 0.04375
0 0.62890625 0.6125 0.053125 0.0484375
0 0.5921875 0.62890625 0.0359375 0.0375
0 0.5609375 0.62265625 0.0375 0.046875
0 0.5359375 0.6375 0.028125 0.03125
0 0.49765625 0.6390625 0.0453125 0.053125
0 0.509375 0.6859375 0.0375 0.04375
0 0.4421875 0.58125 0.0359375 0.0578125
0 0.38203125 0.39609375 0.0390625 0.0453125
0 0.48515625 0.31953125 0.0296875 0.03125
0 0.384375 0.33125 0.0328125 0.0328125
0 0.26875 0.36796875 0.03125 0.034375
0 0.35 0.34296875 0.0265625 0.034375
0 0.35546875 0.32265625 0.025 0.028125
0 0.309375 0.36328125 0.0265625 0.0265625
0 0.3234375 0.346875 0.028125 0.03125