0 0.240625 0.3109375 0.02890625 0.02890625
0 0.31640625 0.3140625 0.0140625 0.02890625
0 0.37109375 0.3375 0.02421875 0.03125
0 0.38828125 0.40390625 0.03125 0.02890625
0 0.40859375 0.42890625 0.02890625 0.03125
0 0.5 0.3921875 0.01953125 0.03828125
0 0.5140625 0.4421875 0.0171875 0.03359375
0 0.396875 0.55859375 0.0140625 0.02890625
0 0.1921875 0.625 0.0171875 0.053125
0 0.15390625 0.5796875 0.02890625 0.0359375
0 0.2875 0.56875 0.0265625 0.03359375
0 0.3125 0.58671875 0.0265625 0.03828125
0 0.40234375 0.640625 0.0453125 0.03828125
0 0.44140625 0.64765625 0.02890625 0.03125
0 0.4703125 0.63359375 0.02890625 0.040625
0 0.4984375 0.6421875 0.021875 0.0265625
0 0.5359375 0.634375 0.0359375 0.0453125
0 0.5359375 0.6828125 0.02890625 0.03828125
0 0.57578125 0.56484375 0.02421875 0.053125
0 0.5890625 0.3703125 0.03125 0.03828125
0 0.4703125 0.32109375 0.02421875 0.0265625
0 0.57109375 0.30859375 0.0265625 0.0265625
0 0.6921875 0.31640625 0.02421875 0.02890625
0 0.6078125 0.3109375 0.01953125 0.03125
0 0.59765625 0.29296875 0.01953125 0.02421875
0 0.6515625 0.32109375 0.021875 0.021875
0 0.634375 0.30859375 0.021875 0.0265625