0 0.028125 0.58515625 0.05625 0.0765625
0 0.08203125 0.64375 0.0578125 0.0671875
0 0.10234375 0.575 0.04375 0.046875
0 0.12734375 0.52734375 0.0484375 0.040625
0 0.15625 0.56015625 0.0328125 0.03125
0 0.16796875 0.58828125 0.0375 0.046875
0 0.19296875 0.51640625 0.0421875 0.0484375
0 0.2171875 0.540625 0.0265625 0.0234375
0 0.259375 0.54609375 0.0421875 0.0453125
0 0.3484375 0.58828125 0.0421875 0.0453125
0 0.553125 0.471875 0.0484375 0.040625
0 0.56640625 0.53515625 0.040625 0.053125
0 0.6015625 0.47109375 0.0265625 0.0453125
0 0.61171875 0.48359375 0.03125 0.0390625
0 0.65 0.51171875 0.034375 0.040625
0 0.625 0.50859375 0.0296875 0.0375
0 0.6421875 0.46328125 0.0265625 0.0484375
0 0.66953125 0.45625 0.0375 0.0453125
0 0.67734375 0.49375 0.0328125 0.04375
0 0.69765625 0.525 0.03125 0.0375
0 0.70859375 0.4921875 0.0234375 0.03125
0 0.7265625 0.45546875 0.0359375 0.046875
0 0.75 0.496875 0.03125 0.0515625
0 0.77734375 0.47578125 0.034375 0.05625
0 0.8375 0.5046875 0.046875 0.065625
0 0.94453125 0.5640625 0.0421875 0.0640625