0 0.6921875 0.6984375 0.0609375 0.0640625
0 0.84296875 0.61328125 0.0546875 0.0421875
0 0.9046875 0.6234375 0.075 0.046875
0 0.946875 0.61328125 0.0609375 0.040625
0 0.965625 0.57578125 0.0640625 0.0765625
0 0.90546875 0.578125 0.05 0.0546875
0 0.81640625 0.553125 0.0625 0.05625
0 0.7421875 0.51015625 0.0578125 0.0625
0 0.625 0.38984375 0.0578125 0.0546875
0 0.57578125 0.4125 0.046875 0.0546875
0 0.5609375 0.36796875 0.0578125 0.0625
0 0.51875 0.275 0.065625 0.065625
0 0.4359375 0.44140625 0.0421875 0.05625
0 0.44921875 0.40546875 0.0546875 0.046875
0 0.4078125 0.33984375 0.065625 0.0625
0 0.3515625 0.396875 0.059375 0.059375
0 0.3421875 0.28359375 0.040625 0.0625
0 0.29453125 0.35 0.0578125 0.0578125
0 0.2453125 0.40625 0.053125 0.053125
0 0.15859375 0.43203125 0.0625 0.0609375
0 0.2359375 0.35078125 0.046875 0.046875
0 0.09140625 0.38828125 0.0578125 0.053125
0 0.0625 0.33671875 0.0546875 0.0421875
0 0.02421875 0.38828125 0.0484375 0.0671875
0 0.1875 0.28125 0.04375 0.0328125
0 0.25546875 0.2140625 0.053125 0.0359375
0 0.16640625 0.25546875 0.0546875 0.053125
0 0.25390625 0.2796875 0.03125 0.0359375