0 0.08359375 0.69921875 0.0421875 0.0546875
0 0.06640625 0.67109375 0.0453125 0.0609375
0 0.16015625 0.6828125 0.0515625 0.05625
0 0.13671875 0.66015625 0.0359375 0.0359375
0 0.1734375 0.6453125 0.05 0.0609375
0 0.38203125 0.36953125 0.0328125 0.0375
0 0.40703125 0.36875 0.040625 0.0375
0 0.428125 0.359375 0.0171875 0.021875
0 0.3203125 0.803125 0.053125 0.0796875
0 0.521875 0.7859375 0.0578125 0.059375
0 0.6125 0.821875 0.0890625 0.1015625
0 0.725 0.78359375 0.065625 0.0671875
0 0.834375 0.6859375 0.0296875 0.05625
0 0.89765625 0.56796875 0.0484375 0.0484375
0 0.959375 0.634375 0.05 0.0609375
0 0.725 0.57265625 0.0234375 0.0359375
0 0.334375 0.7171875 0.05625 0.0875
0 0.37734375 0.73359375 0.028125 0.0484375
0 0.3890625 0.6875 0.0390625 0.0734375
0 0.365625 0.65625 0.0375 0.06875
0 0.4296875 0.68359375 0.0453125 0.053125
0 0.44765625 0.7171875 0.0375 0.0703125
0 0.478125 0.67265625 0.0484375 0.0609375
0 0.54375 0.68984375 0.040625 0.0625
0 0.55 0.64140625 0.05 0.0609375
0 0.6140625 0.715625 0.0609375 0.071875
0 0.65703125 0.6828125 0.0453125 0.06875
0 0.678125 0.67734375 0.028125 0.053125
0 0.71328125 0.65703125 0.059375 0.0671875