0 0.4046875 0.77734375 0.059375 0.0828125
0 0.47890625 0.78515625 0.05625 0.0609375
0 0.53359375 0.746875 0.0625 0.0796875
0 0.58828125 0.71640625 0.0453125 0.059375
0 0.4546875 0.7171875 0.0671875 0.0609375
0 0.5390625 0.67734375 0.0609375 0.0671875
0 0.6546875 0.634375 0.065625 0.0734375
0 0.6859375 0.6 0.0375 0.0453125
0 0.496875 0.58046875 0.0984375 0.04375
0 0.5140625 0.55234375 0.0546875 0.025
0 0.34296875 0.52890625 0.078125 0.0703125
0 0.340625 0.47890625 0.0453125 0.046875
0 0.390625 0.5015625 0.0578125 0.0515625
0 0.46875 0.49453125 0.0796875 0.0625
0 0.60546875 0.45625 0.071875 0.0421875
0 0.809375 0.45625 0.1390625 0.0609375
0 0.80546875 0.3921875 0.115625 0.0421875
0 0.87734375 0.35 0.053125 0.0390625
0 0.90546875 0.31171875 0.059375 0.04375
0 0.80859375 0.32734375 0.0828125 0.053125
0 0.709375 0.34609375 0.0625 0.0515625
0 0.58359375 0.39453125 0.084375 0.053125
0 0.28125 0.4265625 0.1078125 0.05
0 0.3734375 0.39453125 0.0625 0.0359375
0 0.42421875 0.3453125 0.0890625 0.0421875
0 0.44296875 0.27734375 0.0703125 0.034375
0 0.53515625 0.31171875 0.04375 0.03125
0 0.609375 0.29296875 0.05625 0.0265625
0 0.67265625 0.2828125 0.0671875 0.0421875
0 0.65703125 0.2375 0.0421875 0.028125
0 0.953125 0.25859375 0.059375 0.040625