0 0.11015625 0.21640625 0.040625 0.05
0 0.08125 0.35390625 0.040625 0.05
0 0.16328125 0.265625 0.028125 0.034375
0 0.21328125 0.2984375 0.0265625 0.05
0 0.1875 0.36875 0.04375 0.0390625
0 0.265625 0.31328125 0.0375 0.0609375
0 0.24765625 0.4015625 0.0359375 0.078125
0 0.34765625 0.47265625 0.0390625 0.0734375
0 0.35078125 0.56640625 0.0625 0.0765625
0 0.43671875 0.5984375 0.0578125 0.084375
0 0.42578125 0.5359375 0.0546875 0.0578125
0 0.46328125 0.42109375 0.0515625 0.09375
0 0.44296875 0.34921875 0.0421875 0.059375
0 0.46328125 0.28203125 0.0359375 0.05
0 0.3828125 0.20546875 0.028125 0.0609375
0 0.403125 0.14609375 0.0421875 0.059375
0 0.44375 0.19140625 0.0375 0.059375
0 0.46875 0.23359375 0.0390625 0.0328125
0 0.553125 0.225 0.0328125 0.059375
0 0.53203125 0.31796875 0.0234375 0.04375
0 0.5625 0.38671875 0.0890625 0.0875
0 0.66484375 0.365625 0.0390625 0.075
0 0.58515625 0.5546875 0.05625 0.071875
0 0.53515625 0.478125 0.046875 0.05
0 0.715625 0.5171875 0.0578125 0.06875
0 0.69453125 0.7046875 0.071875 0.0796875
0 0.7421875 0.609375 0.0453125 0.065625
0 0.9265625 0.44765625 0.034375 0.1
0 0.79140625 0.68203125 0.071875 0.0578125
0 0.8015625 0.7640625 0.09375 0.0828125