0 0.13203125 0.42890625 0.0578125 0.115625
0 0.3109375 0.7140625 0.06015625 0.10546875
0 0.33046875 0.603125 0.0453125 0.0671875
0 0.31875 0.51328125 0.040625 0.0578125
0 0.31015625 0.3859375 0.08203125 0.0765625
0 0.33515625 0.45078125 0.0359375 0.040625
0 0.40625 0.50390625 0.053125 0.07421875
0 0.45078125 0.44375 0.05546875 0.09375
0 0.5109375 0.4125 0.07421875 0.08671875
0 0.53828125 0.5171875 0.06015625 0.08203125
0 0.615625 0.5578125 0.05078125 0.0359375
0 0.74375 0.57421875 0.04296875 0.0765625
0 0.7640625 0.5 0.04296875 0.0765625
0 0.8171875 0.5375 0.0484375 0.0796875
0 0.9 0.54453125 0.07421875 0.08203125
0 0.8796875 0.47578125 0.06484375 0.06015625
0 0.8171875 0.44375 0.05078125 0.06484375
0 0.7796875 0.40234375 0.03359375 0.0671875
0 0.74375 0.42890625 0.04296875 0.084375
0 0.76796875 0.36328125 0.0484375 0.0765625
0 0.73046875 0.33046875 0.0265625 0.0578125
0 0.69453125 0.2875 0.05078125 0.0765625
0 0.60546875 0.21875 0.03828125 0.103125
0 0.53515625 0.15390625 0.03359375 0.0578125
0 0.5171875 0.1234375 0.05078125 0.05078125
0 0.58984375 0.12265625 0.05078125 0.0796875
0 0.6140625 0.0734375 0.06484375 0.0796875