0 0.66796875 0.7234375 0.1375 0.0890625
0 0.49609375 0.696875 0.128125 0.084375
0 0.7859375 0.5453125 0.15625 0.0578125
0 0.6609375 0.23828125 0.0671875 0.0375
0 0.58984375 0.3140625 0.0625 0.040625
0 0.49765625 0.5015625 0.1 0.0484375
0 0.57421875 0.51953125 0.10625 0.025
0 0.6 0.46484375 0.1125 0.0578125
0 0.5 0.4109375 0.11875 0.04375
0 0.4359375 0.37890625 0.096875 0.04375
0 0.40234375 0.34765625 0.059375 0.028125
0 0.29453125 0.359375 0.05625 0.0359375
0 0.33046875 0.2671875 0.084375 0.0359375
0 0.12109375 0.3171875 0.08125 0.04375
0 0.05625 0.2640625 0.059375 0.034375