0 0.39921875 0.17578125 0.103125 0.046875
0 0.428125 0.20625 0.103125 0.040625
0 0.39375 0.17265625 0.084375 0.0375
0 0.52578125 0.22421875 0.06875 0.040625
0 0.61875 0.275 0.071875 0.0390625
0 0.665625 0.24375 0.0875 0.04375
0 0.4046875 0.271875 0.115625 0.0484375
0 0.48046875 0.309375 0.0953125 0.040625
0 0.42265625 0.38046875 0.1015625 0.0515625
0 0.5578125 0.4328125 0.103125 0.0515625
0 0.475 0.440625 0.1046875 0.040625
0 0.66640625 0.45546875 0.0765625 0.0390625
0 0.53671875 0.49140625 0.084375 0.0484375
0 0.49453125 0.44609375 0.0640625 0.03125
0 0.35390625 0.48359375 0.0859375 0.06875
0 0.17421875 0.546875 0.053125 0.075
0 0.2515625 0.56796875 0.0609375 0.0546875
0 0.21171875 0.61171875 0.0609375 0.0265625
0 0.284375 0.64609375 0.065625 0.0578125
0 0.353125 0.6390625 0.1015625 0.046875
0 0.2828125 0.753125 0.1328125 0.08125
0 0.43828125 0.7125 0.09375 0.0515625
0 0.5484375 0.5359375 0.09375 0.0453125
0 0.5484375 0.56875 0.0625 0.0421875
0 0.7015625 0.503125 0.065625 0.046875
0 0.6796875 0.55 0.109375 0.0578125
0 0.70625 0.59140625 0.05 0.0375
0 0.67109375 0.5765625 0.040625 0.03125
0 0.63671875 0.596875 0.1140625 0.0328125
0 0.6234375 0.63203125 0.0328125 0.0234375
0 0.72578125 0.68671875 0.0640625 0.0578125