0 0.6375 0.1203125 0.0328125 0.0484375
0 0.934375 0.26875 0.0296875 0.0578125
0 0.90859375 0.28046875 0.0234375 0.0265625
0 0.8890625 0.25703125 0.025 0.040625
0 0.9015625 0.31953125 0.0546875 0.0421875
0 0.86328125 0.27734375 0.0234375 0.05
0 0.84609375 0.24765625 0.03125 0.053125
0 0.83671875 0.303125 0.0421875 0.0671875
0 0.7828125 0.29609375 0.0328125 0.053125
0 0.6984375 0.3015625 0.034375 0.034375
0 0.7203125 0.28515625 0.0515625 0.0375
0 0.69921875 0.26484375 0.0453125 0.034375
0 0.66015625 0.26015625 0.0390625 0.0390625
0 0.6203125 0.23359375 0.04375 0.0390625
0 0.5078125 0.190625 0.046875 0.059375
0 0.4859375 0.25859375 0.0359375 0.0390625
0 0.615625 0.3328125 0.0359375 0.053125
0 0.653125 0.359375 0.028125 0.0453125
0 0.69765625 0.3703125 0.03125 0.034375
0 0.67734375 0.40625 0.0546875 0.05
0 0.78359375 0.41640625 0.0484375 0.0421875
0 0.74296875 0.4296875 0.0375 0.0515625
0 0.81953125 0.4703125 0.06875 0.0578125
0 0.7359375 0.5109375 0.0578125 0.0546875
0 0.6546875 0.475 0.0359375 0.0296875
0 0.61640625 0.42734375 0.04375 0.034375
0 0.56640625 0.3421875 0.028125 0.0546875
0 0.51328125 0.3171875 0.0328125 0.0546875
0 0.471875 0.37578125 0.0609375 0.0640625
0 0.43125 0.378125 0.0484375 0.0421875
0 0.34375 0.34140625 0.0546875 0.053125
0 0.534375 0.51484375 0.059375 0.04375
0 0.54140625 0.484375 0.053125 0.040625
0 0.49140625 0.509375 0.04375 0.034375
0 0.45625 0.4796875 0.0578125 0.034375
0 0.365625 0.47421875 0.0453125 0.0390625
0 0.384375 0.45 0.078125 0.0515625
0 0.33046875 0.48828125 0.040625 0.0390625
0 0.30859375 0.43828125 0.0453125 0.0375
0 0.31171875 0.40234375 0.0546875 0.0546875
0 0.27890625 0.465625 0.0296875 0.040625