0 0.5765625 0.103125 0.0390625 0.0515625
0 0.89296875 0.20390625 0.0375 0.059375
0 0.86875 0.21953125 0.0265625 0.028125
0 0.84609375 0.19921875 0.03125 0.0421875
0 0.86796875 0.259375 0.0578125 0.05
0 0.82421875 0.2234375 0.03125 0.0515625
0 0.80234375 0.196875 0.0375 0.05625
0 0.8015625 0.25234375 0.05 0.071875
0 0.746875 0.2546875 0.040625 0.05625
0 0.66484375 0.27265625 0.0375 0.0375
0 0.684375 0.25390625 0.0546875 0.04375
0 0.659375 0.23671875 0.05 0.040625
0 0.6203125 0.23828125 0.04375 0.04375
0 0.57734375 0.21796875 0.0484375 0.0453125
0 0.459375 0.19296875 0.0546875 0.0640625
0 0.4484375 0.2640625 0.040625 0.04375
0 0.58828125 0.3171875 0.0421875 0.05625
0 0.6296875 0.3375 0.034375 0.046875
0 0.675 0.34140625 0.0359375 0.0375
0 0.6609375 0.3796875 0.0609375 0.05625
0 0.7671875 0.37265625 0.053125 0.0484375
0 0.72890625 0.3921875 0.04375 0.0546875
0 0.8109375 0.42109375 0.075 0.0671875
0 0.73515625 0.4734375 0.0640625 0.0625
0 0.6484375 0.45078125 0.0390625 0.034375
0 0.60390625 0.409375 0.046875 0.040625
0 0.540625 0.33359375 0.0359375 0.0578125
0 0.484375 0.3171875 0.040625 0.0578125
0 0.45234375 0.38125 0.06875 0.071875
0 0.41328125 0.390625 0.053125 0.0484375
0 0.3203125 0.36796875 0.0609375 0.059375
0 0.5359375 0.509375 0.0625 0.05
0 0.5390625 0.478125 0.0578125 0.046875
0 0.49296875 0.5109375 0.046875 0.040625
0 0.453125 0.48671875 0.0609375 0.0421875
0 0.36328125 0.4953125 0.05 0.0453125
0 0.378125 0.46875 0.0828125 0.0625
0 0.33046875 0.51484375 0.0453125 0.04375
0 0.3015625 0.46875 0.05 0.04375
0 0.2984375 0.4328125 0.0609375 0.0609375
0 0.2765625 0.50078125 0.034375 0.04375