0 0.54921875 0.69453125 0.103125 0.0984375
0 0.484375 0.57421875 0.06484375 0.0578125
0 0.43359375 0.56484375 0.0453125 0.040625
0 0.3578125 0.56953125 0.07421875 0.06015625
0 0.29296875 0.49609375 0.05078125 0.0359375
0 0.28125 0.459375 0.0359375 0.03359375
0 0.5171875 0.49296875 0.06015625 0.0484375
0 0.58046875 0.5 0.04296875 0.04296875
0 0.6359375 0.5265625 0.04296875 0.03828125
0 0.6765625 0.5578125 0.0359375 0.04296875
0 0.7046875 0.6109375 0.06015625 0.05078125
0 0.74296875 0.5875 0.0453125 0.03828125
0 0.82421875 0.55078125 0.03828125 0.0578125
0 0.88671875 0.58671875 0.04296875 0.05546875
0 0.921875 0.5515625 0.0625 0.06484375
0 0.94921875 0.50859375 0.03359375 0.05078125
0 0.15234375 0.53125 0.021875 0.03125
0 0.165625 0.46015625 0.0140625 0.02890625
0 0.165625 0.5 0.040625 0.0265625