0 0.67265625 0.14921875 0.2640625 0.153125
0 0.6515625 0.1828125 0.115625 0.0671875
0 0.55234375 0.18515625 0.159375 0.0765625
0 0.23203125 0.12734375 0.246875 0.1484375
0 0.5296875 0.2421875 0.2921875 0.1578125
0 0.70234375 0.321875 0.209375 0.1296875
0 0.6078125 0.35859375 0.1625 0.1171875
0 0.41640625 0.31640625 0.2171875 0.146875
0 0.7703125 0.4234375 0.20625 0.14375
0 0.728125 0.4984375 0.165625 0.1203125
0 0.52421875 0.42890625 0.1984375 0.11875
0 0.3640625 0.48671875 0.2734375 0.14375
0 0.56484375 0.6 0.2203125 0.109375
0 0.565625 0.69375 0.396875 0.2296875
0 0.22734375 0.5875 0.3265625 0.20625
0 0.30625 0.54140625 0.196875 0.1109375