0 0.16953125 0.55625 0.14453125 0.125
0 0.27421875 0.47578125 0.08671875 0.10546875
0 0.23046875 0.41328125 0.07421875 0.053125
0 0.24765625 0.375 0.06953125 0.05078125
0 0.31484375 0.38671875 0.08203125 0.07421875
0 0.4015625 0.32421875 0.0984375 0.1421875
0 0.37265625 0.4703125 0.11796875 0.14453125
0 0.41796875 0.55859375 0.10078125 0.10546875
0 0.48046875 0.50859375 0.053125 0.06484375
0 0.56875 0.4640625 0.12734375 0.13203125
0 0.4484375 0.69453125 0.0984375 0.13671875
0 0.5515625 0.64453125 0.13671875 0.17578125