0 0.32578125 0.7140625 0.05546875 0.06015625
0 0.16796875 0.64296875 0.05078125 0.03828125
0 0.1078125 0.65859375 0.071875 0.040625
0 0.06484375 0.6515625 0.0578125 0.0359375
0 0.04296875 0.61640625 0.0578125 0.071875
0 0.103125 0.61328125 0.0453125 0.05078125
0 0.1890625 0.58046875 0.0578125 0.05078125
0 0.259375 0.53125 0.053125 0.0578125
0 0.365625 0.4015625 0.053125 0.05078125
0 0.4171875 0.41953125 0.04296875 0.05078125
0 0.428125 0.3734375 0.053125 0.0578125
0 0.46171875 0.27734375 0.06015625 0.06015625
0 0.55859375 0.4359375 0.03828125 0.053125
0 0.5421875 0.4015625 0.05078125 0.04296875
0 0.578125 0.33203125 0.06015625 0.0578125
0 0.6390625 0.384375 0.05546875 0.05546875
0 0.63828125 0.2703125 0.0359375 0.06015625
0 0.69140625 0.3328125 0.053125 0.053125
0 0.7453125 0.384375 0.0484375 0.0484375
0 0.834375 0.40234375 0.0578125 0.05546875
0 0.75 0.328125 0.04296875 0.04296875
0 0.89765625 0.353125 0.053125 0.0484375
0 0.921875 0.29921875 0.05078125 0.03828125
0 0.96640625 0.34765625 0.0484375 0.0625
0 0.7921875 0.2546875 0.040625 0.02890625
0 0.71875 0.19375 0.05078125 0.03125
0 0.8109375 0.22734375 0.05078125 0.0484375
0 0.72578125 0.259375 0.02890625 0.03359375