0 0.3296875 0.13359375 0.02890625 0.0453125
0 0.046875 0.3078125 0.02421875 0.05546875
0 0.07421875 0.3171875 0.021875 0.02421875
0 0.09140625 0.2921875 0.021875 0.03828125
0 0.084375 0.35546875 0.05078125 0.03828125
0 0.11875 0.31015625 0.01953125 0.0484375
0 0.13359375 0.27890625 0.0265625 0.05078125
0 0.14765625 0.3328125 0.0359375 0.06484375
0 0.20078125 0.321875 0.02890625 0.05078125
0 0.28515625 0.31953125 0.03125 0.03125
0 0.26171875 0.30546875 0.0484375 0.03359375
0 0.28125 0.2828125 0.04296875 0.03125
0 0.31953125 0.275 0.0359375 0.0359375
0 0.35703125 0.2453125 0.040625 0.0359375
0 0.46484375 0.1921875 0.04296875 0.05546875
0 0.49296875 0.25859375 0.03359375 0.0359375
0 0.3703125 0.34375 0.03125 0.05078125
0 0.33515625 0.3734375 0.02421875 0.04296875
0 0.2921875 0.38828125 0.02890625 0.03125
0 0.31484375 0.421875 0.05078125 0.0453125
0 0.21015625 0.44140625 0.0453125 0.03828125
0 0.2515625 0.45078125 0.03359375 0.0484375
0 0.17890625 0.4984375 0.06484375 0.053125
0 0.265625 0.53125 0.053125 0.05078125
0 0.34375 0.48828125 0.03359375 0.0265625
0 0.37734375 0.4375 0.040625 0.03125
0 0.4203125 0.3484375 0.02421875 0.053125
0 0.47109375 0.31875 0.02890625 0.053125
0 0.5171875 0.3734375 0.05546875 0.06015625
0 0.5578125 0.37265625 0.0453125 0.03828125
0 0.6421875 0.328125 0.05078125 0.0484375
0 0.4671875 0.51796875 0.05546875 0.03828125
0 0.45703125 0.48828125 0.05078125 0.0359375
0 0.509375 0.50859375 0.040625 0.03125
0 0.5421875 0.47578125 0.05546875 0.02890625
0 0.63125 0.4625 0.04296875 0.0359375
0 0.6109375 0.43984375 0.07421875 0.0453125
0 0.66796875 0.4734375 0.03828125 0.0359375
0 0.68515625 0.421875 0.04296875 0.03359375
0 0.67890625 0.3859375 0.05078125 0.05078125
0 0.7171875 0.446875 0.0265625 0.03828125