0 0.57265625 0.20078125 0.0875 0.0640625
0 0.52421875 0.2578125 0.0828125 0.0515625
0 0.51875 0.3015625 0.0390625 0.025
0 0.48046875 0.328125 0.0296875 0.0296875
0 0.5203125 0.33671875 0.0609375 0.0515625
0 0.55546875 0.3734375 0.071875 0.0421875
0 0.484375 0.37890625 0.04375 0.0390625
0 0.42109375 0.42265625 0.05 0.05625
0 0.371875 0.47265625 0.046875 0.046875
0 0.33671875 0.4984375 0.04375 0.0390625
0 0.49140625 0.43359375 0.0640625 0.046875
0 0.5546875 0.42890625 0.046875 0.0609375
0 0.44609375 0.4921875 0.065625 0.05625
0 0.5046875 0.49296875 0.0390625 0.0296875
0 0.5125 0.52421875 0.059375 0.05
0 0.528125 0.571875 0.071875 0.0421875
0 0.53359375 0.62734375 0.0515625 0.04375
0 0.69140625 0.6453125 0.075 0.0734375