0 0.5671875 0.19921875 0.08671875 0.0625
0 0.5203125 0.25703125 0.08203125 0.05078125
0 0.515625 0.3015625 0.03828125 0.02421875
0 0.47734375 0.328125 0.02890625 0.02890625
0 0.5171875 0.33671875 0.06015625 0.05078125
0 0.553125 0.37265625 0.071875 0.040625
0 0.48203125 0.37890625 0.04296875 0.03828125
0 0.41953125 0.42421875 0.0484375 0.05546875
0 0.37109375 0.475 0.0453125 0.0453125
0 0.33671875 0.5015625 0.04296875 0.03828125
0 0.490625 0.43359375 0.0625 0.0453125
0 0.553125 0.428125 0.0453125 0.06015625
0 0.44609375 0.49296875 0.06484375 0.05546875
0 0.5046875 0.49296875 0.03828125 0.02890625
0 0.51328125 0.52421875 0.0578125 0.0484375
0 0.5296875 0.57109375 0.071875 0.040625
0 0.5359375 0.6265625 0.05078125 0.04296875
0 0.69375 0.6421875 0.07421875 0.071875