0 0.628125 0.21953125 0.0984375 0.0796875
0 0.5703125 0.26640625 0.090625 0.0671875
0 0.55625 0.309375 0.0421875 0.03125
0 0.51328125 0.32734375 0.034375 0.034375
0 0.55078125 0.34375 0.06875 0.0625
0 0.578125 0.38671875 0.078125 0.0546875
0 0.5078125 0.378125 0.05 0.046875
0 0.43671875 0.409375 0.059375 0.0640625
0 0.37890625 0.4484375 0.053125 0.053125
0 0.33984375 0.46796875 0.05 0.046875
0 0.5046875 0.4328125 0.0703125 0.0578125
0 0.5671875 0.440625 0.05625 0.06875
0 0.4484375 0.48203125 0.075 0.0671875
0 0.50625 0.49375 0.04375 0.0359375
0 0.5078125 0.5265625 0.0671875 0.059375
0 0.5140625 0.57578125 0.078125 0.0546875
0 0.50859375 0.63125 0.059375 0.053125
0 0.66015625 0.6796875 0.0875 0.0859375