0 0.6796875 0.371875 0.0421875 0.0578125
0 0.7296875 0.3578125 0.0390625 0.06875
0 0.81640625 0.3859375 0.015625 0.046875
0 0.8296875 0.40546875 0.0265625 0.0390625
0 0.1203125 0.54140625 0.05625 0.075
0 0.11875 0.49609375 0.0484375 0.05625
0 0.209375 0.5515625 0.053125 0.0875
0 0.16875 0.43359375 0.03125 0.0609375
0 0.26328125 0.35546875 0.0484375 0.0765625
0 0.2921875 0.34453125 0.0421875 0.0453125
0 0.31484375 0.3125 0.0421875 0.0625
0 0.3234375 0.44296875 0.05 0.0703125
0 0.35625 0.3203125 0.0390625 0.0703125
0 0.38515625 0.36640625 0.028125 0.06875