0 0.1328125 0.73359375 0.14375 0.146875
0 0.22734375 0.76484375 0.115625 0.0875
0 0.25703125 0.728125 0.1296875 0.10625
0 0.3015625 0.6859375 0.1453125 0.1390625
0 0.21953125 0.65859375 0.0921875 0.084375
0 0.175 0.59296875 0.1921875 0.1578125
0 0.30546875 0.59765625 0.1484375 0.1328125
0 0.12734375 0.4953125 0.1375 0.140625
0 0.0296875 0.528125 0.059375 0.09375
0 0.21875 0.51015625 0.0765625 0.0796875
0 0.23671875 0.42421875 0.121875 0.115625
0 0.14609375 0.3515625 0.1421875 0.121875
0 0.1515625 0.2140625 0.171875 0.103125
0 0.1484375 0.27890625 0.1015625 0.08125
0 0.2796875 0.31875 0.1484375 0.1328125
0 0.2578125 0.25859375 0.11875 0.0984375
0 0.33671875 0.23203125 0.1265625 0.1078125
0 0.18359375 0.1296875 0.10625 0.1140625
0 0.26953125 0.12890625 0.0734375 0.0859375
0 0.37109375 0.13828125 0.115625 0.10625
0 0.4984375 0.1265625 0.1203125 0.103125
0 0.4671875 0.2515625 0.1328125 0.1203125
0 0.3921875 0.33671875 0.084375 0.0671875
0 0.38515625 0.42734375 0.11875 0.0921875
0 0.37109375 0.52265625 0.0921875 0.071875
0 0.4953125 0.7203125 0.153125 0.13125
0 0.5046875 0.65390625 0.1109375 0.0890625
0 0.4875 0.56328125 0.18125 0.1703125
0 0.6109375 0.65546875 0.1359375 0.109375
0 0.625 0.76328125 0.09375 0.0640625
0 0.75234375 0.78203125 0.1609375 0.1484375
0 0.76484375 0.6984375 0.1 0.103125
0 0.8296875 0.659375 0.1296875 0.115625
0 0.8859375 0.628125 0.13125 0.1
0 0.7046875 0.56640625 0.140625 0.1375
0 0.69453125 0.4265625 0.153125 0.1328125
0 0.5453125 0.4265625 0.1359375 0.109375
0 0.5140625 0.34921875 0.1078125 0.0796875
0 0.56640625 0.29765625 0.1203125 0.0890625
0 0.603125 0.28046875 0.084375 0.096875
0 0.61796875 0.1375 0.1078125 0.0984375
0 0.70390625 0.27890625 0.1109375 0.128125
0 0.784375 0.32734375 0.1 0.0765625
0 0.80390625 0.2890625 0.11875 0.0953125
0 0.83125 0.22890625 0.103125 0.09375
0 0.81171875 0.17421875 0.1359375 0.13125
0 0.88046875 0.4828125 0.128125 0.1640625
0 0.96953125 0.49765625 0.0609375 0.1546875
0 0.9828125 0.2734375 0.034375 0.121875
0 0.8 0.46171875 0.0796875 0.0921875