0 0.9078125 0.51484375 0.065625 0.14375
0 0.86015625 0.70390625 0.0890625 0.1734375
0 0.509375 0.7109375 0.125 0.1109375
0 0.58359375 0.64453125 0.1296875 0.11875
0 0.60546875 0.4203125 0.1421875 0.128125
0 0.45 0.5390625 0.0359375 0.0671875
0 0.44140625 0.5 0.0703125 0.0609375
0 0.4515625 0.43828125 0.0859375 0.059375
0 0.4390625 0.39140625 0.0828125 0.078125
0 0.46640625 0.31875 0.071875 0.0703125
0 0.41484375 0.26171875 0.08125 0.1125
0 0.27890625 0.19140625 0.0625 0.0875
0 0.4859375 0.18984375 0.0453125 0.0671875
0 0.50625 0.13671875 0.028125 0.0359375
0 0.50390625 0.084375 0.046875 0.0765625
0 0.55234375 0.14921875 0.0390625 0.0734375
0 0.5875 0.17109375 0.0421875 0.0984375
0 0.6921875 0.11796875 0.075 0.13125
0 0.609375 0.08828125 0.046875 0.090625
0 0.553125 0.03203125 0.03125 0.0609375