0 0.30078125 0.046875 0.0640625 0.0921875
0 0.26484375 0.25546875 0.0625 0.1015625
0 0.32578125 0.21796875 0.0484375 0.1
0 0.3890625 0.14296875 0.0390625 0.0640625
0 0.35234375 0.2421875 0.04375 0.0765625
0 0.396875 0.21484375 0.0328125 0.075
0 0.4171875 0.29453125 0.0484375 0.1203125
0 0.471875 0.21015625 0.0609375 0.0671875
0 0.45390625 0.27421875 0.0390625 0.0765625
0 0.51875 0.30625 0.0328125 0.0640625
0 0.58671875 0.36171875 0.065625 0.1234375
0 0.7046875 0.26484375 0.0734375 0.0703125
0 0.5171875 0.403125 0.0625 0.0875
0 0.23828125 0.62578125 0.065625 0.11875
0 0.36015625 0.75625 0.1203125 0.190625
0 0.43671875 0.46796875 0.075 0.10625
0 0.6515625 0.478125 0.0875 0.1
0 0.67578125 0.51875 0.0515625 0.05625
0 0.5765625 0.4859375 0.046875 0.090625
0 0.671875 0.59375 0.075 0.065625
0 0.6078125 0.65 0.121875 0.0921875
0 0.64609375 0.725 0.096875 0.125