0 0.0453125 0.43984375 0.01953125 0.040625
0 0.16953125 0.5359375 0.0140625 0.02890625
0 0.14921875 0.415625 0.0140625 0.021875
0 0.18125 0.4265625 0.01171875 0.0265625
0 0.21171875 0.4234375 0.02890625 0.021875
0 0.240625 0.4125 0.0171875 0.0265625
0 0.27890625 0.42578125 0.021875 0.0453125
0 0.3078125 0.4015625 0.01953125 0.04296875
0 0.69140625 0.396875 0.009375 0.02421875
0 0.70703125 0.41015625 0.021875 0.03359375
0 0.7125 0.490625 0.0140625 0.040625
0 0.72265625 0.521875 0.01953125 0.03125
0 0.72578125 0.49296875 0.0265625 0.021875
0 0.7234375 0.546875 0.02421875 0.03828125
0 0.70703125 0.56640625 0.01953125 0.02421875
0 0.68046875 0.6 0.021875 0.04296875
0 0.7125 0.6546875 0.0171875 0.02421875
0 0.70078125 0.70546875 0.0140625 0.01953125
0 0.69921875 0.74765625 0.01171875 0.021875
0 0.7203125 0.74765625 0.01171875 0.021875
0 0.8109375 0.9359375 0.009375 0.0484375
0 0.83984375 0.93046875 0.01953125 0.0265625
0 0.834375 0.959375 0.0171875 0.01953125
0 0.82109375 0.984375 0.0140625 0.03125
0 0.8390625 0.9828125 0.021875 0.03359375
0 0.8703125 0.8328125 0.0171875 0.02890625
0 0.88671875 0.8546875 0.00703125 0.03125
0 0.9 0.915625 0.0171875 0.03359375
0 0.9125 0.88359375 0.00703125 0.0265625
0 0.9390625 0.88671875 0.01953125 0.0265625
0 0.93046875 0.9265625 0.01953125 0.0265625
0 0.95078125 0.93125 0.0171875 0.02421875
0 0.93359375 0.96171875 0.01953125 0.021875
0 0.9796875 0.865625 0.021875 0.02890625
0 0.9640625 0.80859375 0.01953125 0.040625
0 0.96875 0.71484375 0.009375 0.03125
0 0.9578125 0.6625 0.01953125 0.03125
0 0.99375 0.66328125 0.01171875 0.03125
0 0.9734375 0.625 0.0265625 0.0265625
0 0.9625 0.60078125 0.021875 0.03125
0 0.93125 0.634375 0.01171875 0.02890625
0 0.92890625 0.625 0.02421875 0.02421875
0 0.921875 0.58671875 0.0265625 0.02421875
0 0.915625 0.546875 0.0171875 0.02421875
0 0.77265625 0.44921875 0.01171875 0.02890625
0 0.80859375 0.42421875 0.0140625 0.02421875
0 0.84765625 0.40859375 0.01171875 0.0171875
0 0.87734375 0.4046875 0.0140625 0.01953125
0 0.8578125 0.44921875 0.0171875 0.02890625
0 0.83515625 0.36171875 0.01171875 0.0265625
0 0.8140625 0.3953125 0.0171875 0.0265625
0 0.81015625 0.37265625 0.0140625 0.01953125
0 0.8125 0.34140625 0.01171875 0.0265625
0 0.7984375 0.31484375 0.009375 0.03125
0 0.7859375 0.2953125 0.00703125 0.01953125
0 0.8140625 0.31484375 0.0140625 0.02890625
0 0.81640625 0.28828125 0.01171875 0.01953125
0 0.828125 0.32578125 0.009375 0.01953125