0 0.09375 0.46484375 0.0484375 0.1390625
0 0.11796875 0.65859375 0.06953125 0.165625
0 0.46484375 0.7078125 0.11328125 0.0984375
0 0.39921875 0.63359375 0.11796875 0.10546875
0 0.4046875 0.4078125 0.1296875 0.11328125
0 0.54453125 0.54453125 0.02890625 0.06484375
0 0.5578125 0.50703125 0.06484375 0.053125
0 0.55546875 0.44453125 0.0796875 0.05078125
0 0.5734375 0.39921875 0.07421875 0.06953125
0 0.55546875 0.32421875 0.06484375 0.0625
0 0.61328125 0.27421875 0.06953125 0.10546875
0 0.75703125 0.2203125 0.053125 0.08203125
0 0.5515625 0.19375 0.03828125 0.0625
0 0.53828125 0.1390625 0.02421875 0.03359375
0 0.546875 0.08671875 0.03828125 0.071875
0 0.490625 0.1453125 0.03125 0.06953125
0 0.453125 0.1625 0.03125 0.09609375
0 0.35546875 0.09765625 0.06015625 0.125
0 0.44140625 0.078125 0.0359375 0.08671875
0 0.5046875 0.02890625 0.02421875 0.0578125