0 0.1203125 0.33203125 0.165625 0.16796875
0 0.1984375 0.46875 0.13203125 0.12734375
0 0.2078125 0.57578125 0.125 0.228125
0 0.3109375 0.73203125 0.0796875 0.15859375
0 0.365625 0.6109375 0.1390625 0.2140625
0 0.34375 0.38671875 0.14921875 0.12265625
0 0.39921875 0.50234375 0.18515625 0.11328125
0 0.47265625 0.61875 0.1109375 0.1828125
0 0.5578125 0.61328125 0.0984375 0.13203125
0 0.5828125 0.52421875 0.19453125 0.22578125
0 0.7296875 0.65859375 0.19453125 0.23046875
0 0.88359375 0.59140625 0.13203125 0.1515625
0 0.8796875 0.47578125 0.13203125 0.12265625
0 0.2234375 0.359375 0.06953125 0.11796875