0 0.89375 0.39453125 0.071875 0.1453125
0 0.90390625 0.58984375 0.096875 0.175
0 0.57109375 0.6984375 0.128125 0.1171875
0 0.62265625 0.6140625 0.134375 0.125
0 0.578125 0.39296875 0.146875 0.134375
0 0.4640625 0.5515625 0.0390625 0.06875
0 0.44453125 0.5171875 0.0734375 0.0640625
0 0.4359375 0.4546875 0.0875 0.0640625
0 0.41015625 0.41328125 0.0859375 0.08125
0 0.41484375 0.33671875 0.075 0.0734375
0 0.34921875 0.29765625 0.0875 0.115625
0 0.1984375 0.26953125 0.0671875 0.090625
0 0.39609375 0.20703125 0.0484375 0.06875
0 0.4 0.1515625 0.0296875 0.0375
0 0.38203125 0.10078125 0.05 0.078125
0 0.44765625 0.14921875 0.0421875 0.0734375
0 0.4875 0.159375 0.046875 0.1
0 0.57265625 0.07890625 0.08125 0.1328125
0 0.484375 0.07421875 0.05 0.0921875
0 0.41328125 0.03671875 0.034375 0.0609375