0 0.8765625 0.32578125 0.16875 0.1703125
0 0.80078125 0.46328125 0.134375 0.1296875
0 0.79375 0.5703125 0.1296875 0.2296875
0 0.69296875 0.72890625 0.0828125 0.159375
0 0.6359375 0.60859375 0.1421875 0.2171875
0 0.65390625 0.384375 0.1515625 0.125
0 0.60078125 0.50078125 0.1875 0.1171875
0 0.5296875 0.61796875 0.1140625 0.184375
0 0.44453125 0.6140625 0.1 0.134375
0 0.41796875 0.52578125 0.1984375 0.2296875
0 0.2734375 0.6625 0.1984375 0.234375
0 0.11796875 0.5984375 0.134375 0.153125
0 0.1203125 0.48203125 0.134375 0.125
0 0.77421875 0.3546875 0.071875 0.11875