0 0.178125 0.70859375 0.0765625 0.1078125
0 0.246875 0.7046875 0.040625 0.0640625
0 0.27421875 0.6984375 0.03125 0.046875
0 0.31640625 0.68125 0.0625 0.08125
0 0.4015625 0.653125 0.0625 0.0890625
0 0.4765625 0.59921875 0.0890625 0.1125
0 0.58046875 0.57265625 0.0640625 0.084375
0 0.66328125 0.540625 0.0578125 0.0828125
0 0.70234375 0.528125 0.046875 0.0609375
0 0.70859375 0.47890625 0.046875 0.05625
0 0.7453125 0.5046875 0.046875 0.0671875
0 0.8 0.49921875 0.0671875 0.096875
0 0.85 0.42890625 0.06875 0.0875