0 0.140625 0.6765625 0.11328125 0.1515625
0 0.178125 0.43984375 0.0578125 0.1078125
0 0.415625 0.66796875 0.08671875 0.09375
0 0.5 0.740625 0.11328125 0.08203125
0 0.52734375 0.43359375 0.09609375 0.09140625
0 0.64296875 0.49765625 0.0890625 0.05546875
0 0.62890625 0.55546875 0.0890625 0.06015625
0 0.69453125 0.42890625 0.0484375 0.07421875
0 0.68984375 0.3578125 0.06015625 0.06953125
0 0.75234375 0.303125 0.05546875 0.1078125
0 0.9171875 0.2796875 0.0625 0.0890625
0 0.70546875 0.20546875 0.0578125 0.0671875
0 0.6078125 0.1734375 0.03359375 0.1109375
0 0.540625 0.10234375 0.05078125 0.125
0 0.60703125 0.078125 0.02890625 0.07421875
0 0.69453125 0.04453125 0.02890625 0.08671875
0 0.66328125 0.1703125 0.053125 0.06953125
0 0.69375 0.1265625 0.02421875 0.0484375
0 0.7390625 0.09765625 0.0484375 0.07421875