0 0.2046875 0.6265625 0.1203125 0.08671875
0 0.28515625 0.69921875 0.08203125 0.103125
0 0.35078125 0.609375 0.0484375 0.10078125
0 0.42421875 0.7078125 0.0671875 0.05546875
0 0.42890625 0.67421875 0.115625 0.07421875
0 0.58515625 0.66484375 0.0984375 0.1109375
0 0.5140625 0.51171875 0.125 0.0890625
0 0.47734375 0.61171875 0.071875 0.07421875
0 0.6265625 0.5421875 0.07421875 0.1203125
0 0.74296875 0.52734375 0.0796875 0.0890625
0 0.76796875 0.61640625 0.0890625 0.1203125
0 0.84375 0.6515625 0.12265625 0.1078125