0 0.06484375 0.33515625 0.0359375 0.05546875
0 0.11796875 0.3375 0.02890625 0.05546875
0 0.14296875 0.39453125 0.04296875 0.09140625
0 0.17890625 0.35234375 0.040625 0.06484375
0 0.24140625 0.33984375 0.04296875 0.07421875
0 0.2203125 0.4390625 0.04296875 0.10546875
0 0.2703125 0.4953125 0.05546875 0.12265625
0 0.2828125 0.428125 0.071875 0.08671875
0 0.30859375 0.3921875 0.06015625 0.06953125
0 0.3453125 0.50703125 0.071875 0.1421875
0 0.384375 0.45546875 0.06015625 0.10546875
0 0.4703125 0.49140625 0.10546875 0.15390625
0 0.53515625 0.48671875 0.071875 0.134375
0 0.5875 0.453125 0.0890625 0.1390625
0 0.68125 0.553125 0.09140625 0.15859375
0 0.66484375 0.44453125 0.10078125 0.0984375
0 0.759375 0.490625 0.0671875 0.12734375
0 0.82421875 0.45078125 0.03828125 0.146875
0 0.890625 0.50859375 0.06953125 0.1703125