0 0.05390625 0.39296875 0.0234375 0.0421875
0 0.16796875 0.5015625 0.0171875 0.0296875
0 0.16015625 0.3796875 0.015625 0.0234375
0 0.190625 0.39375 0.0140625 0.028125
0 0.22109375 0.39375 0.03125 0.025
0 0.2515625 0.3859375 0.0203125 0.028125
0 0.2875 0.403125 0.0265625 0.046875
0 0.31953125 0.38203125 0.0234375 0.0453125
0 0.70078125 0.4171875 0.0125 0.025
0 0.715625 0.43203125 0.025 0.0359375
0 0.7125 0.5125 0.01875 0.0421875
0 0.71953125 0.5453125 0.0234375 0.0328125
0 0.725 0.51640625 0.028125 0.025
0 0.7171875 0.5703125 0.028125 0.040625
0 0.69921875 0.5875 0.021875 0.0265625
0 0.66875 0.61796875 0.0265625 0.0453125
0 0.6953125 0.67578125 0.0203125 0.0265625
0 0.678125 0.725 0.015625 0.0203125
0 0.671875 0.7671875 0.0140625 0.0234375
0 0.69296875 0.76953125 0.0140625 0.0234375
0 0.76328125 0.96640625 0.0140625 0.0484375
0 0.79296875 0.96328125 0.021875 0.028125
0 0.784375 0.990625 0.01875 0.01875
0 0.83359375 0.86953125 0.0203125 0.03125
0 0.84765625 0.89296875 0.0109375 0.03125
0 0.8546875 0.95546875 0.0203125 0.0359375
0 0.8703125 0.925 0.009375 0.0265625
0 0.89609375 0.93046875 0.021875 0.028125
0 0.88359375 0.96953125 0.021875 0.028125
0 0.903125 0.97578125 0.0203125 0.0265625
0 0.8828125 0.99609375 0.021875 0.0078125
0 0.9390625 0.9140625 0.025 0.03125
0 0.92890625 0.85546875 0.0234375 0.0421875
0 0.94375 0.7625 0.0125 0.0328125
0 0.93828125 0.709375 0.0234375 0.0328125
0 0.97421875 0.7140625 0.015625 0.0328125
0 0.9578125 0.6734375 0.0296875 0.0296875
0 0.94921875 0.6484375 0.025 0.0328125
0 0.91484375 0.67890625 0.0140625 0.0296875
0 0.91328125 0.66953125 0.0265625 0.0265625
0 0.91015625 0.63046875 0.0296875 0.0265625
0 0.90859375 0.58984375 0.0203125 0.0265625
0 0.7765625 0.478125 0.0140625 0.0296875
0 0.81484375 0.45703125 0.0171875 0.025
0 0.85546875 0.4453125 0.0140625 0.01875
0 0.88515625 0.44453125 0.015625 0.0203125
0 0.8609375 0.48671875 0.0203125 0.03125
0 0.84765625 0.39765625 0.0140625 0.028125
0 0.8234375 0.42890625 0.0203125 0.028125
0 0.821875 0.40546875 0.015625 0.0203125
0 0.82734375 0.375 0.0140625 0.028125
0 0.81640625 0.346875 0.0125 0.0328125
0 0.80546875 0.3265625 0.009375 0.0203125
0 0.83203125 0.3484375 0.0171875 0.0296875
0 0.83671875 0.32265625 0.0140625 0.0203125
0 0.84453125 0.3609375 0.0109375 0.0203125