0 0.17421875 0.78828125 0.125 0.1296875
0 0.271875 0.80390625 0.10546875 0.071875
0 0.2953125 0.76328125 0.11796875 0.0890625
0 0.3328125 0.71484375 0.12734375 0.1203125
0 0.24765625 0.70078125 0.08203125 0.071875
0 0.19375 0.64296875 0.1734375 0.13203125
0 0.3234375 0.6265625 0.13203125 0.11328125
0 0.13125 0.55390625 0.1203125 0.12265625
0 0.0375 0.60234375 0.053125 0.08671875
0 0.2234375 0.55390625 0.0671875 0.06953125
0 0.228125 0.46640625 0.1078125 0.10078125
0 0.12734375 0.40859375 0.12734375 0.103125
0 0.1109375 0.271875 0.1609375 0.0796875
0 0.11796875 0.33671875 0.09140625 0.0671875
0 0.25390625 0.35546875 0.13203125 0.11328125
0 0.22265625 0.29921875 0.1078125 0.08203125
0 0.296875 0.2609375 0.11328125 0.09140625
0 0.1296875 0.18359375 0.09140625 0.10078125
0 0.2140625 0.16953125 0.0625 0.0765625
0 0.31640625 0.1625 0.103125 0.09140625
0 0.43984375 0.13125 0.1078125 0.08671875
0 0.42890625 0.259375 0.11796875 0.103125
0 0.36796875 0.35546875 0.0765625 0.05546875
0 0.375 0.44609375 0.1078125 0.0765625
0 0.3765625 0.5421875 0.084375 0.06015625
0 0.5296875 0.71875 0.13671875 0.1109375
0 0.52890625 0.6515625 0.10078125 0.07421875
0 0.49765625 0.5640625 0.1609375 0.146875
0 0.63359375 0.6359375 0.12265625 0.09140625
0 0.66484375 0.740625 0.08671875 0.05078125
0 0.79296875 0.7390625 0.1421875 0.12734375
0 0.79296875 0.6546875 0.08671875 0.09140625
0 0.85078125 0.60546875 0.115625 0.0984375
0 0.9015625 0.56640625 0.1203125 0.08203125
0 0.7125 0.53359375 0.12265625 0.1203125
0 0.68046875 0.396875 0.13671875 0.11328125
0 0.53359375 0.4203125 0.12265625 0.09140625
0 0.490625 0.3484375 0.0984375 0.06484375
0 0.53359375 0.28984375 0.1109375 0.071875
0 0.5671875 0.2671875 0.071875 0.08671875
0 0.56015625 0.1234375 0.09609375 0.084375
0 0.6671875 0.25 0.09375 0.115625
0 0.75390625 0.28515625 0.09140625 0.0625
0 0.7671875 0.24375 0.1078125 0.0796875
0 0.78515625 0.18046875 0.09140625 0.0796875
0 0.75703125 0.1296875 0.1203125 0.11328125
0 0.8734375 0.4234375 0.10546875 0.14921875
0 0.971875 0.42265625 0.05625 0.1484375
0 0.9640625 0.196875 0.0625 0.11328125
0 0.790625 0.41484375 0.0671875 0.08203125