0 0.82578125 0.70234375 0.075 0.10625
0 0.75703125 0.70078125 0.040625 0.0640625
0 0.7296875 0.69453125 0.03125 0.046875
0 0.68671875 0.678125 0.0625 0.08125
0 0.60078125 0.6515625 0.0609375 0.0890625
0 0.52578125 0.59921875 0.0875 0.1109375
0 0.42109375 0.5734375 0.0625 0.0828125
0 0.3375 0.54375 0.05625 0.0828125
0 0.2984375 0.53125 0.046875 0.0609375
0 0.290625 0.4828125 0.0453125 0.05625
0 0.2546875 0.50859375 0.0453125 0.0671875
0 0.2 0.5046875 0.065625 0.096875
0 0.14921875 0.43515625 0.0671875 0.0875