0 0.915625 0.290625 0.0421875 0.059375
0 0.86328125 0.2984375 0.034375 0.0578125
0 0.84375 0.3578125 0.0515625 0.0953125
0 0.80390625 0.31953125 0.046875 0.06875
0 0.740625 0.3140625 0.05 0.078125
0 0.771875 0.41015625 0.053125 0.109375
0 0.728125 0.47109375 0.06875 0.128125
0 0.70859375 0.40546875 0.08125 0.09375
0 0.67890625 0.37265625 0.0671875 0.075
0 0.6546875 0.490625 0.0859375 0.1484375
0 0.61015625 0.44375 0.0703125 0.1109375
0 0.52890625 0.48828125 0.1203125 0.1640625
0 0.46328125 0.490625 0.0859375 0.140625
0 0.4078125 0.4625 0.103125 0.146875
0 0.325 0.571875 0.1078125 0.1671875
0 0.33046875 0.46171875 0.1109375 0.1078125
0 0.24140625 0.51796875 0.0796875 0.134375
0 0.17265625 0.48515625 0.053125 0.15
0 0.1125 0.54921875 0.0875 0.1765625