0 0.0375 0.590625 0.075 0.20625
0 0.0515625 0.48125 0.0859375 0.115625
0 0.05078125 0.37734375 0.1015625 0.1140625
0 0.159375 0.41015625 0.1984375 0.165625
0 0.23203125 0.5046875 0.1390625 0.171875
0 0.17578125 0.56328125 0.1703125 0.2171875
0 0.2875 0.43828125 0.1609375 0.1796875
0 0.3640625 0.27109375 0.178125 0.1796875
0 0.4765625 0.3109375 0.196875 0.2140625
0 0.6875 0.27578125 0.11875 0.1671875
0 0.62421875 0.3921875 0.1171875 0.171875
0 0.48359375 0.43359375 0.0875 0.125
0 0.5109375 0.6140625 0.134375 0.171875
0 0.6265625 0.70390625 0.190625 0.2125
0 0.63203125 0.5328125 0.175 0.184375
0 0.87421875 0.60625 0.209375 0.259375
0 0.82421875 0.409375 0.2859375 0.2171875