0 0.6578125 0.3453125 0.03359375 0.053125
0 0.7046875 0.3234375 0.02890625 0.06484375
0 0.79453125 0.3375 0.009375 0.0453125
0 0.8109375 0.3546875 0.021875 0.0359375
0 0.13125 0.6 0.0453125 0.06953125
0 0.12265625 0.55546875 0.040625 0.05078125
0 0.22109375 0.59609375 0.040625 0.08203125
0 0.1625 0.4859375 0.021875 0.0578125
0 0.24375 0.39453125 0.03828125 0.071875
0 0.2703125 0.37890625 0.0359375 0.040625
0 0.2875 0.34375 0.03359375 0.0578125
0 0.31640625 0.47109375 0.040625 0.06484375
0 0.3296875 0.3453125 0.02890625 0.0671875
0 0.365625 0.3859375 0.0171875 0.0671875