0 0.0109375 0.2515625 0.021875 0.0625
0 0.040625 0.2671875 0.03125 0.0578125
0 0.0765625 0.25 0.0453125 0.0765625
0 0.115625 0.30703125 0.0546875 0.0734375
0 0.1046875 0.203125 0.0359375 0.0765625
0 0.1546875 0.275 0.0359375 0.0859375
0 0.16875 0.2296875 0.0359375 0.0515625
0 0.225 0.1765625 0.05625 0.0765625
0 0.18671875 0.73984375 0.1234375 0.24375
0 0.30859375 0.56640625 0.0875 0.1546875
0 0.37109375 0.74296875 0.1171875 0.253125
0 0.49609375 0.84140625 0.1265625 0.253125
0 0.43828125 0.70546875 0.0390625 0.0609375
0 0.46015625 0.63125 0.065625 0.1265625
0 0.365625 0.38203125 0.028125 0.078125
0 0.3796875 0.33359375 0.0359375 0.084375
0 0.4 0.26875 0.028125 0.078125
0 0.3109375 0.1828125 0.03125 0.053125
0 0.35390625 0.24765625 0.034375 0.0578125
0 0.33359375 0.209375 0.01875 0.0546875
0 0.3203125 0.1296875 0.05625 0.0375
0 0.3796875 0.171875 0.021875 0.05625
0 0.40078125 0.1609375 0.028125 0.053125
0 0.44453125 0.3859375 0.040625 0.0921875
0 0.509375 0.5109375 0.065625 0.13125
0 0.58671875 0.57734375 0.0765625 0.1078125
0 0.69375 0.60625 0.1265625 0.196875
0 0.8625 0.56875 0.0890625 0.121875
0 0.7125 0.5234375 0.059375 0.0859375
0 0.70625 0.45546875 0.0796875 0.1265625
0 0.775 0.5 0.0484375 0.090625
0 0.81953125 0.46328125 0.04375 0.075
0 0.81328125 0.38828125 0.06875 0.10625
0 0.721875 0.38828125 0.071875 0.0875
0 0.721875 0.3234375 0.040625 0.0875
0 0.78203125 0.2203125 0.0375 0.0671875
0 0.83046875 0.20234375 0.0328125 0.071875
0 0.828125 0.153125 0.0375 0.0515625
0 0.87578125 0.240625 0.0625 0.0859375
0 0.94765625 0.24140625 0.0703125 0.103125
0 0.94609375 0.17734375 0.053125 0.0671875
0 0.84765625 0.1171875 0.05625 0.071875
0 0.88359375 0.0921875 0.028125 0.05
0 0.9265625 0.0796875 0.0640625 0.0796875
0 0.609375 0.39140625 0.0546875 0.071875
0 0.4734375 0.30078125 0.059375 0.0984375
0 0.47421875 0.253125 0.0359375 0.0625
0 0.45859375 0.209375 0.040625 0.053125
0 0.45 0.165625 0.0375 0.0515625
0 0.50859375 0.1890625 0.0328125 0.040625
0 0.521875 0.28359375 0.028125 0.0546875
0 0.58046875 0.27578125 0.0484375 0.06875
0 0.6078125 0.32265625 0.034375 0.084375
0 0.5625 0.21484375 0.0328125 0.0453125
0 0.5484375 0.17109375 0.028125 0.046875
0 0.5 0.11953125 0.028125 0.0453125
0 0.44453125 0.07265625 0.0140625 0.034375
0 0.4125 0.059375 0.03125 0.0359375
0 0.70390625 0.1671875 0.0390625 0.0671875
0 0.78125 0.08203125 0.0328125 0.0453125
0 0.66796875 0.1921875 0.01875 0.028125
0 0.65078125 0.221875 0.0296875 0.06875
0 0.62578125 0.24296875 0.0296875 0.06875
0 0.61328125 0.20625 0.0234375 0.0421875
0 0.60078125 0.175 0.028125 0.05
0 0.61875 0.13984375 0.028125 0.0453125
0 0.6296875 0.11484375 0.0265625 0.0375
0 0.58203125 0.1359375 0.034375 0.0671875
0 0.55625 0.0984375 0.034375 0.0484375
0 0.5078125 0.07421875 0.0234375 0.0390625
0 0.54296875 0.0484375 0.0234375 0.05
0 0.6609375 0.01640625 0.025 0.0328125
0 0.7640625 0.00859375 0.03125 0.0171875