0 0.146875 0.64921875 0.06015625 0.0984375
0 0.21484375 0.6578125 0.03125 0.06015625
0 0.24296875 0.65625 0.02421875 0.04296875
0 0.2875 0.646875 0.05078125 0.07421875
0 0.3765625 0.63359375 0.0484375 0.08203125
0 0.459375 0.59375 0.071875 0.10078125
0 0.56640625 0.58515625 0.05078125 0.0765625
0 0.65390625 0.56875 0.0453125 0.0765625
0 0.69453125 0.5625 0.03828125 0.05546875
0 0.709375 0.515625 0.03828125 0.05078125
0 0.740625 0.546875 0.0359375 0.0625
0 0.7953125 0.5515625 0.053125 0.0890625
0 0.85703125 0.490625 0.05546875 0.0796875