0 0.2125 0.77109375 0.140625 0.225
0 0.3875 0.73515625 0.11875 0.2015625
0 0.30859375 0.5609375 0.090625 0.1515625
0 0.5171875 0.83046875 0.115625 0.196875
0 0.4765625 0.63828125 0.0734375 0.14375
0 0.46328125 0.71640625 0.046875 0.1
0 0.51953125 0.51953125 0.0765625 0.134375
0 0.59921875 0.59140625 0.065625 0.096875
0 0.6921875 0.5890625 0.1203125 0.1890625
0 0.72578125 0.51015625 0.053125 0.0640625
0 0.71171875 0.4640625 0.090625 0.1671875
0 0.778125 0.4921875 0.0796875 0.1296875
0 0.86875 0.5421875 0.0984375 0.14375
0 0.81171875 0.4453125 0.053125 0.0796875
0 0.80390625 0.36953125 0.0734375 0.10625
0 0.71640625 0.38671875 0.08125 0.10625
0 0.70703125 0.2984375 0.0515625 0.0984375
0 0.76328125 0.20390625 0.0421875 0.0578125
0 0.8453125 0.2078125 0.0546875 0.0921875
0 0.91796875 0.20546875 0.084375 0.1046875
0 0.91875 0.14765625 0.0640625 0.0796875
0 0.79375 0.121875 0.0421875 0.071875
0 0.82734375 0.1078125 0.0578125 0.0921875
0 0.89453125 0.059375 0.0765625 0.09375
0 0.74609375 0.06171875 0.0484375 0.0640625
0 0.67734375 0.15390625 0.053125 0.078125
0 0.62578125 0.2140625 0.03125 0.0609375
0 0.6046875 0.23671875 0.0375 0.059375
0 0.603125 0.38828125 0.059375 0.1015625
0 0.58515625 0.3140625 0.04375 0.090625
0 0.56015625 0.2609375 0.034375 0.065625
0 0.4578125 0.32578125 0.04375 0.0921875
0 0.43203125 0.39375 0.0375 0.084375
0 0.3578125 0.40546875 0.04375 0.0625
0 0.3640625 0.3359375 0.053125 0.1171875
0 0.38515625 0.27578125 0.0421875 0.0796875
0 0.44765625 0.24453125 0.0453125 0.0515625
0 0.42734375 0.2140625 0.0328125 0.0515625
0 0.4296875 0.1765625 0.0421875 0.0578125
0 0.54140625 0.20703125 0.0171875 0.034375
0 0.1015625 0.334375 0.034375 0.0640625
0 0.08203125 0.29765625 0.0421875 0.0578125