0 0.603125 0.63203125 0.2140625 0.2171875
0 0.834375 0.46484375 0.1171875 0.1171875
0 0.69921875 0.4859375 0.0828125 0.1265625
0 0.625 0.5046875 0.05625 0.0625
0 0.73125 0.3921875 0.0578125 0.084375
0 0.64921875 0.3609375 0.0640625 0.0578125
0 0.61796875 0.40703125 0.071875 0.0890625
0 0.55234375 0.41015625 0.0796875 0.1
0 0.4875 0.44921875 0.0796875 0.10625
0 0.37890625 0.4515625 0.1078125 0.121875
0 0.26875 0.5015625 0.0859375 0.1375
0 0.21796875 0.4453125 0.065625 0.13125
0 0.33515625 0.3640625 0.0859375 0.0765625
0 0.38828125 0.36640625 0.06875 0.071875
0 0.44609375 0.346875 0.0953125 0.103125
0 0.51171875 0.31875 0.06875 0.08125
0 0.2828125 0.3125 0.0703125 0.0796875
0 0.1125 0.284375 0.084375 0.0625
0 0.1515625 0.2546875 0.04375 0.0703125
0 0.2046875 0.259375 0.0640625 0.071875
0 0.19609375 0.30703125 0.053125 0.0578125
0 0.08515625 0.33203125 0.075 0.0796875
0 0.0625 0.2828125 0.065625 0.0765625