0 0.809375 0.1140625 0.078125 0.1
0 0.790625 0.32421875 0.0765625 0.1078125
0 0.74140625 0.27265625 0.0625 0.1046875
0 0.7 0.18359375 0.0484375 0.06875
0 0.709375 0.2890625 0.0546875 0.08125
0 0.6734375 0.25078125 0.04375 0.078125
0 0.63359375 0.3234375 0.0671875 0.125
0 0.60234375 0.2265625 0.0703125 0.075
0 0.603125 0.29375 0.05 0.0796875
0 0.53203125 0.3078125 0.040625 0.0671875
0 0.4515625 0.34375 0.084375 0.1296875
0 0.36328125 0.2203125 0.08125 0.0796875
0 0.50859375 0.40234375 0.0734375 0.0953125
0 0.7203125 0.6890625 0.0828125 0.125
0 0.56875 0.78359375 0.146875 0.2046875
0 0.56953125 0.48515625 0.0890625 0.115625
0 0.359375 0.43984375 0.1 0.1109375
0 0.325 0.47265625 0.0578125 0.0625
0 0.4296875 0.46640625 0.0609375 0.0953125
0 0.309375 0.54609375 0.0828125 0.0765625
0 0.35703125 0.6171875 0.1328125 0.109375
0 0.30078125 0.6796875 0.1140625 0.1359375