0 0.021875 0.475 0.04296875 0.2015625
0 0.06953125 0.3734375 0.0625 0.103125
0 0.0921875 0.27265625 0.084375 0.09609375
0 0.19140625 0.33046875 0.1734375 0.12734375
0 0.2390625 0.43984375 0.10546875 0.1515625
0 0.1703125 0.4828125 0.12734375 0.1921875
0 0.30859375 0.3890625 0.12734375 0.15390625
0 0.4234375 0.2453125 0.146875 0.14921875
0 0.52265625 0.3109375 0.15859375 0.18046875
0 0.7359375 0.328125 0.084375 0.1515625
0 0.646875 0.42578125 0.08203125 0.15625
0 0.5 0.43125 0.0625 0.11328125
0 0.4828125 0.61328125 0.10078125 0.1515625
0 0.5734375 0.728125 0.1515625 0.18046875
0 0.6203125 0.5640625 0.1421875 0.15390625
0 0.8375 0.69375 0.15859375 0.228125
0 0.83671875 0.490625 0.2546875 0.1609375