0 0.03125 0.21015625 0.02421875 0.06015625
0 0.0625 0.228125 0.0265625 0.05546875
0 0.1 0.2140625 0.03828125 0.07421875
0 0.13359375 0.27421875 0.0484375 0.06953125
0 0.13203125 0.16953125 0.02890625 0.07421875
0 0.17578125 0.24609375 0.02890625 0.084375
0 0.19375 0.2015625 0.03125 0.0484375
0 0.25390625 0.15390625 0.05078125 0.071875
0 0.1671875 0.71171875 0.103125 0.2359375
0 0.30390625 0.54921875 0.07421875 0.14921875
0 0.35078125 0.73046875 0.09609375 0.2453125
0 0.46640625 0.83984375 0.10546875 0.2453125
0 0.4203125 0.69921875 0.03359375 0.0578125
0 0.44921875 0.62734375 0.05546875 0.12265625
0 0.3765625 0.37109375 0.021875 0.0765625
0 0.39453125 0.3234375 0.02890625 0.08203125
0 0.4203125 0.2609375 0.021875 0.0765625
0 0.3390625 0.1671875 0.0265625 0.05078125
0 0.3765625 0.2359375 0.02890625 0.05546875
0 0.359375 0.19609375 0.0140625 0.053125
0 0.353125 0.115625 0.053125 0.03359375
0 0.40859375 0.1625 0.0171875 0.05546875
0 0.43046875 0.15390625 0.02421875 0.05078125
0 0.4546875 0.38125 0.03359375 0.0890625
0 0.50859375 0.51171875 0.05546875 0.12734375
0 0.5796875 0.584375 0.0671875 0.103125
0 0.68359375 0.62265625 0.1109375 0.1875
0 0.85546875 0.6 0.0796875 0.115625
0 0.709375 0.5421875 0.053125 0.08203125
0 0.709375 0.4734375 0.06953125 0.1203125
0 0.77421875 0.52421875 0.040625 0.08671875
0 0.821875 0.49140625 0.03828125 0.071875
0 0.821875 0.415625 0.06015625 0.10078125
0 0.73046875 0.4078125 0.06484375 0.08203125
0 0.73671875 0.34375 0.03359375 0.084375
0 0.80546875 0.24609375 0.03125 0.06484375
0 0.85546875 0.23203125 0.0265625 0.06953125
0 0.85703125 0.1828125 0.03359375 0.0484375
0 0.896875 0.27421875 0.05546875 0.08203125
0 0.96875 0.28125 0.0625 0.0984375
0 0.97265625 0.2171875 0.0484375 0.0625
0 0.8796875 0.14921875 0.05078125 0.0671875
0 0.91796875 0.12734375 0.02421875 0.0484375
0 0.96171875 0.11875 0.0578125 0.07421875
0 0.61875 0.4015625 0.0484375 0.0671875
0 0.490625 0.29921875 0.05078125 0.09375
0 0.49609375 0.2515625 0.03125 0.06015625
0 0.484375 0.20703125 0.0359375 0.05078125
0 0.4796875 0.1625 0.03359375 0.0484375
0 0.5359375 0.19140625 0.02890625 0.03828125
0 0.540625 0.2859375 0.02421875 0.053125
0 0.6 0.28359375 0.04296875 0.06484375
0 0.62265625 0.3328125 0.0265625 0.08203125
0 0.5875 0.22109375 0.02890625 0.04296875
0 0.5765625 0.1765625 0.02421875 0.0453125
0 0.5328125 0.12109375 0.02421875 0.04296875
0 0.48203125 0.06953125 0.01171875 0.03359375
0 0.4515625 0.053125 0.02890625 0.03359375
0 0.73203125 0.1859375 0.03359375 0.06484375
0 0.81640625 0.1078125 0.02890625 0.04296875
0 0.69453125 0.2078125 0.0171875 0.0265625
0 0.67421875 0.2359375 0.02421875 0.0671875
0 0.64765625 0.2546875 0.02421875 0.0671875
0 0.63828125 0.2171875 0.01953125 0.040625
0 0.62890625 0.18515625 0.02421875 0.0484375
0 0.65 0.1515625 0.02421875 0.04296875
0 0.6625 0.12734375 0.02421875 0.0359375
0 0.61328125 0.14453125 0.02890625 0.06484375
0 0.59140625 0.1046875 0.03125 0.0453125
0 0.54453125 0.0765625 0.01953125 0.03828125
0 0.58203125 0.05390625 0.01953125 0.0484375
0 0.703125 0.0296875 0.021875 0.0359375
0 0.80625 0.025 0.02890625 0.03359375