0 0.16953125 0.7171875 0.10546875 0.209375
0 0.3484375 0.71171875 0.08671875 0.18984375
0 0.30078125 0.5265625 0.0671875 0.1421875
0 0.459375 0.828125 0.084375 0.18515625
0 0.453125 0.63203125 0.05078125 0.13671875
0 0.4265625 0.70703125 0.03125 0.09609375
0 0.515625 0.52265625 0.05546875 0.12734375
0 0.58203125 0.60703125 0.05078125 0.0890625
0 0.6734375 0.62109375 0.09140625 0.17578125
0 0.7203125 0.54921875 0.04296875 0.0578125
0 0.71484375 0.5015625 0.06484375 0.15859375
0 0.775 0.540625 0.06015625 0.1203125
0 0.85546875 0.60546875 0.0765625 0.13203125
0 0.81640625 0.5 0.040625 0.07421875
0 0.821875 0.42421875 0.0578125 0.0984375
0 0.7328125 0.42578125 0.06484375 0.09609375
0 0.7390625 0.3375 0.0359375 0.09375
0 0.8109375 0.25390625 0.03359375 0.053125
0 0.890625 0.271875 0.040625 0.08671875
0 0.9625 0.2828125 0.06953125 0.09375
0 0.9734375 0.22578125 0.053125 0.071875
0 0.8546875 0.17890625 0.03125 0.0671875
0 0.890625 0.1703125 0.04296875 0.08671875
0 0.96484375 0.134375 0.0625 0.084375
0 0.81875 0.1109375 0.03828125 0.0578125
0 0.734375 0.18984375 0.040625 0.071875
0 0.6734375 0.240625 0.021875 0.0578125
0 0.64921875 0.25859375 0.02890625 0.05546875
0 0.62109375 0.4078125 0.04296875 0.09609375
0 0.61640625 0.33203125 0.02890625 0.08671875
0 0.60078125 0.275 0.02421875 0.0625
0 0.4890625 0.32109375 0.02890625 0.0890625
0 0.4515625 0.38359375 0.02421875 0.08203125
0 0.3765625 0.38203125 0.03359375 0.0578125
0 0.39453125 0.31484375 0.03359375 0.11328125
0 0.42578125 0.259375 0.02890625 0.0765625
0 0.49296875 0.2390625 0.03828125 0.0453125
0 0.478125 0.20546875 0.02421875 0.0484375
0 0.48671875 0.16953125 0.03359375 0.053125
0 0.59140625 0.21875 0.01171875 0.03359375
0 0.13671875 0.26796875 0.02421875 0.06015625
0 0.1234375 0.228125 0.03359375 0.053125