0 0.0640625 0.1625 0.0296875 0.0625
0 0.09296875 0.18359375 0.0328125 0.0578125
0 0.13203125 0.1734375 0.0453125 0.078125
0 0.159375 0.2375 0.0546875 0.0734375
0 0.16875 0.1328125 0.0359375 0.0765625
0 0.20390625 0.21328125 0.0375 0.0875
0 0.2265625 0.17109375 0.0359375 0.0515625
0 0.29140625 0.13046875 0.0578125 0.0765625
0 0.146875 0.67578125 0.1265625 0.2453125
0 0.3 0.528125 0.0890625 0.15625
0 0.32734375 0.71328125 0.121875 0.2546875
0 0.43125 0.834375 0.13125 0.2546875
0 0.4 0.68984375 0.0390625 0.0609375
0 0.4359375 0.62109375 0.06875 0.128125
0 0.390625 0.35859375 0.0296875 0.078125
0 0.41328125 0.31328125 0.0375 0.084375
0 0.44609375 0.25390625 0.0296875 0.078125
0 0.375 0.15234375 0.03125 0.053125
0 0.4046875 0.22421875 0.034375 0.0578125
0 0.3921875 0.1828125 0.0203125 0.0546875
0 0.39375 0.10234375 0.05625 0.0390625
0 0.44453125 0.1546875 0.0234375 0.05625
0 0.4671875 0.1484375 0.0296875 0.053125
0 0.4671875 0.37734375 0.0421875 0.0921875
0 0.50703125 0.5125 0.06875 0.1328125
0 0.5703125 0.5921875 0.078125 0.109375
0 0.66953125 0.64140625 0.1296875 0.1984375
0 0.84296875 0.63671875 0.090625 0.1234375
0 0.70390625 0.5640625 0.0609375 0.0875
0 0.7109375 0.4953125 0.08125 0.1265625
0 0.7703125 0.553125 0.05 0.090625
0 0.82109375 0.525 0.0453125 0.075
0 0.82890625 0.45 0.0703125 0.10625
0 0.7390625 0.43203125 0.0734375 0.0890625
0 0.7515625 0.36953125 0.0421875 0.0875
0 0.83046875 0.2796875 0.0375 0.0671875
0 0.88125 0.2703125 0.034375 0.071875
0 0.88828125 0.221875 0.0390625 0.0515625
0 0.91796875 0.3171875 0.0640625 0.0875
0 0.9765625 0.33046875 0.046875 0.1046875
0 0.9859375 0.26796875 0.028125 0.0671875
0 0.9140625 0.190625 0.0578125 0.071875
0 0.9546875 0.1734375 0.0296875 0.05
0 0.9828125 0.16796875 0.034375 0.0796875
0 0.628125 0.41484375 0.0546875 0.071875
0 0.51171875 0.29921875 0.0609375 0.0984375
0 0.521875 0.25234375 0.0375 0.0625
0 0.51484375 0.20703125 0.040625 0.0546875
0 0.51484375 0.1625 0.0390625 0.0515625
0 0.56796875 0.196875 0.0328125 0.040625
0 0.5625 0.29140625 0.0296875 0.0546875
0 0.621875 0.2953125 0.05 0.06875
0 0.63984375 0.346875 0.034375 0.084375
0 0.61640625 0.23203125 0.0328125 0.0453125
0 0.61015625 0.18671875 0.028125 0.046875
0 0.571875 0.1265625 0.028125 0.0453125
0 0.52734375 0.0703125 0.015625 0.034375
0 0.4984375 0.05078125 0.0328125 0.0359375
0 0.76328125 0.21171875 0.040625 0.06875
0 0.85546875 0.14296875 0.0328125 0.0453125
0 0.72421875 0.2296875 0.0203125 0.028125
0 0.70078125 0.25546875 0.03125 0.06875
0 0.67265625 0.27109375 0.03125 0.06875
0 0.6671875 0.2328125 0.0234375 0.0421875
0 0.6609375 0.2 0.0296875 0.05
0 0.6859375 0.16953125 0.028125 0.0453125
0 0.70078125 0.14609375 0.028125 0.0375
0 0.65 0.15859375 0.0359375 0.0671875
0 0.63203125 0.11640625 0.0359375 0.0484375
0 0.58828125 0.08359375 0.0234375 0.040625
0 0.628125 0.06484375 0.025 0.05
0 0.7515625 0.053125 0.025 0.0375
0 0.85390625 0.059375 0.0328125 0.0359375