0 0.15390625 0.7015625 0.1234375 0.159375
0 0.175 0.4625 0.065625 0.1109375
0 0.42734375 0.6734375 0.09375 0.1
0 0.51640625 0.73984375 0.11875 0.0890625
0 0.52265625 0.43203125 0.1015625 0.0984375
0 0.6421875 0.4875 0.0921875 0.0609375
0 0.6328125 0.54609375 0.09375 0.065625
0 0.6890625 0.415625 0.053125 0.078125
0 0.6796875 0.34453125 0.065625 0.0734375
0 0.73828125 0.2859375 0.0625 0.1109375
0 0.90078125 0.25078125 0.06875 0.09375
0 0.684375 0.1921875 0.0625 0.0703125
0 0.58515625 0.16640625 0.040625 0.1125
0 0.5125 0.10078125 0.059375 0.128125
0 0.57734375 0.071875 0.034375 0.0765625
0 0.6625 0.03828125 0.034375 0.0765625
0 0.63984375 0.159375 0.0578125 0.0734375
0 0.6671875 0.1140625 0.028125 0.05
0 0.71015625 0.08203125 0.053125 0.078125