0 0.0421875 0.52734375 0.0265625 0.04375
0 0.1828125 0.5984375 0.01875 0.03125
0 0.13984375 0.484375 0.01875 0.0234375
0 0.1734375 0.4890625 0.0171875 0.028125
0 0.20234375 0.4796875 0.0328125 0.0265625
0 0.22890625 0.46328125 0.021875 0.0296875
0 0.26875 0.46953125 0.0296875 0.0484375
0 0.2921875 0.43984375 0.028125 0.0453125
0 0.66796875 0.3625 0.0140625 0.025
0 0.6859375 0.37265625 0.028125 0.0375
0 0.70703125 0.45 0.021875 0.0421875
0 0.72265625 0.47890625 0.025 0.034375
0 0.7203125 0.45 0.0296875 0.0265625
0 0.728125 0.503125 0.03125 0.0421875
0 0.715625 0.52578125 0.0234375 0.028125
0 0.69609375 0.5640625 0.0296875 0.046875
0 0.73828125 0.6109375 0.021875 0.0265625
0 0.7359375 0.66328125 0.0171875 0.021875
0 0.74296875 0.70546875 0.015625 0.0234375
0 0.76328125 0.70078125 0.015625 0.0234375
0 0.88828125 0.86875 0.01875 0.05
0 0.915625 0.8578125 0.025 0.0296875
0 0.915625 0.8875 0.0203125 0.021875
0 0.9078125 0.9140625 0.0203125 0.0328125
0 0.925 0.909375 0.028125 0.0375
0 0.92734375 0.75625 0.021875 0.03125
0 0.94765625 0.77421875 0.0125 0.03125
0 0.971875 0.83203125 0.0234375 0.0359375
0 0.978125 0.79765625 0.0125 0.028125
0 0.99609375 0.79609375 0.0078125 0.0296875
0 0.9953125 0.83671875 0.009375 0.0296875
0 0.99609375 0.62109375 0.0078125 0.0328125
0 0.98046875 0.571875 0.025 0.034375
0 0.9859375 0.53125 0.028125 0.03125
0 0.9734375 0.5109375 0.028125 0.034375
0 0.94921875 0.55 0.0171875 0.03125
0 0.94453125 0.540625 0.028125 0.028125
0 0.93046875 0.5046875 0.03125 0.028125
0 0.9171875 0.46640625 0.021875 0.0265625
0 0.7578125 0.3984375 0.0171875 0.03125
0 0.78828125 0.36640625 0.01875 0.0265625
0 0.8234375 0.34375 0.0140625 0.01875
0 0.85234375 0.334375 0.0171875 0.021875
0 0.84140625 0.38203125 0.021875 0.03125
0 0.80234375 0.3 0.0171875 0.028125
0 0.78828125 0.3375 0.021875 0.0296875
0 0.78046875 0.315625 0.0171875 0.021875
0 0.7765625 0.284375 0.0171875 0.028125
0 0.7578125 0.2609375 0.015625 0.0328125
0 0.74140625 0.24453125 0.0109375 0.0203125
0 0.77265625 0.25859375 0.01875 0.03125
0 0.7703125 0.23203125 0.015625 0.021875
0 0.7890625 0.26640625 0.0125 0.0203125