0 0.3859375 0.62265625 0.196875 0.2015625
0 0.1703125 0.4359375 0.1078125 0.1078125
0 0.303125 0.46875 0.071875 0.1203125
0 0.375 0.49375 0.05078125 0.0578125
0 0.27890625 0.37265625 0.05078125 0.0796875
0 0.36328125 0.3484375 0.06015625 0.053125
0 0.390625 0.396875 0.06484375 0.084375
0 0.45546875 0.40625 0.071875 0.09375
0 0.5171875 0.45078125 0.071875 0.10078125
0 0.625 0.4625 0.0984375 0.11328125
0 0.73046875 0.521875 0.07421875 0.13203125
0 0.7859375 0.4703125 0.05546875 0.12734375
0 0.67578125 0.37890625 0.0796875 0.06953125
0 0.62265625 0.3765625 0.0625 0.0671875
0 0.5671875 0.35234375 0.08671875 0.09609375
0 0.50390625 0.31875 0.0625 0.0765625
0 0.7328125 0.33203125 0.06484375 0.07421875
0 0.9046875 0.31875 0.0796875 0.05546875
0 0.86875 0.2859375 0.03828125 0.0671875
0 0.81484375 0.2859375 0.0578125 0.0671875
0 0.81953125 0.334375 0.0484375 0.053125
0 0.928125 0.36875 0.06953125 0.07421875
0 0.9546875 0.321875 0.06015625 0.071875