0 0.8671875 0.30625 0.1765625 0.1796875
0 0.7984375 0.44765625 0.140625 0.1359375
0 0.796875 0.55546875 0.140625 0.2359375
0 0.7046875 0.71796875 0.090625 0.1640625
0 0.64140625 0.6015625 0.153125 0.2234375
0 0.64765625 0.37578125 0.1578125 0.1328125
0 0.60078125 0.4953125 0.1921875 0.1265625
0 0.5359375 0.61640625 0.1234375 0.190625
0 0.45 0.6171875 0.1078125 0.1390625
0 0.41875 0.5296875 0.209375 0.2390625
0 0.28203125 0.67421875 0.209375 0.24375
0 0.1234375 0.61796875 0.1421875 0.1609375
0 0.11953125 0.50234375 0.140625 0.13125
0 0.76640625 0.340625 0.078125 0.121875