0 0.3625 0.32734375 0.0390625 0.05625
0 0.31796875 0.3 0.0359375 0.0671875
0 0.22734375 0.303125 0.0140625 0.046875
0 0.209375 0.31796875 0.0265625 0.0390625
0 0.85390625 0.64453125 0.053125 0.075
0 0.86796875 0.60078125 0.046875 0.0546875
0 0.76484375 0.6296875 0.05 0.0859375
0 0.83671875 0.52734375 0.028125 0.059375
0 0.7671875 0.4265625 0.046875 0.0765625
0 0.74296875 0.4078125 0.040625 0.0453125
0 0.7296875 0.37109375 0.040625 0.0609375
0 0.6859375 0.49375 0.0484375 0.06875
0 0.68828125 0.3671875 0.0375 0.0703125
0 0.64765625 0.403125 0.025 0.06875