0 0.146875 0.6890625 0.11875 0.1546875
0 0.1765625 0.45078125 0.0609375 0.109375
0 0.421875 0.67109375 0.090625 0.096875
0 0.50859375 0.740625 0.115625 0.0859375
0 0.525 0.4328125 0.1 0.0953125
0 0.64296875 0.49296875 0.090625 0.0578125
0 0.63046875 0.55078125 0.090625 0.0625
0 0.6921875 0.421875 0.0515625 0.0765625
0 0.68515625 0.3515625 0.0625 0.071875
0 0.7453125 0.29453125 0.059375 0.109375
0 0.909375 0.265625 0.065625 0.090625
0 0.6953125 0.1984375 0.059375 0.06875
0 0.59609375 0.16953125 0.0375 0.1125
0 0.5265625 0.10078125 0.0546875 0.1265625
0 0.5921875 0.075 0.03125 0.075
0 0.678125 0.040625 0.03125 0.08125
0 0.6515625 0.16484375 0.05625 0.071875
0 0.68046875 0.1203125 0.0265625 0.05
0 0.725 0.08984375 0.0515625 0.0765625