0 0.27734375 0.0578125 0.06015625 0.0890625
0 0.25234375 0.26796875 0.0578125 0.0984375
0 0.3109375 0.22734375 0.04296875 0.0984375
0 0.3703125 0.14921875 0.0359375 0.0625
0 0.3390625 0.25 0.040625 0.07421875
0 0.38203125 0.2203125 0.02890625 0.07421875
0 0.40625 0.29921875 0.04296875 0.11796875
0 0.45703125 0.21171875 0.0578125 0.06484375
0 0.4421875 0.2765625 0.0359375 0.07421875
0 0.50859375 0.30546875 0.02890625 0.0625
0 0.5796875 0.35703125 0.06015625 0.1203125
0 0.6921875 0.2546875 0.06953125 0.0671875
0 0.51171875 0.40234375 0.0578125 0.084375
0 0.2453125 0.6390625 0.06015625 0.115625
0 0.3734375 0.76328125 0.1109375 0.18515625
0 0.43515625 0.47109375 0.06953125 0.103125
0 0.65 0.4703125 0.08203125 0.09609375
0 0.6765625 0.509375 0.0484375 0.053125
0 0.57578125 0.48203125 0.04296875 0.0890625
0 0.6765625 0.584375 0.071875 0.0625
0 0.615625 0.64453125 0.11796875 0.08671875
0 0.6578125 0.7171875 0.09140625 0.1203125