0 0.07734375 0.30546875 0.0390625 0.0578125
0 0.13046875 0.3109375 0.0328125 0.0578125
0 0.1515625 0.36953125 0.05 0.09375
0 0.18984375 0.33046875 0.0453125 0.0671875
0 0.253125 0.321875 0.0484375 0.0765625
0 0.225 0.41953125 0.05 0.1078125
0 0.27109375 0.4796875 0.0640625 0.1265625
0 0.28828125 0.41328125 0.078125 0.0921875
0 0.31640625 0.37890625 0.065625 0.0734375
0 0.3453125 0.49609375 0.08125 0.146875
0 0.3875 0.44765625 0.0671875 0.109375
0 0.47109375 0.4890625 0.115625 0.1609375
0 0.5359375 0.4890625 0.08125 0.1390625
0 0.590625 0.459375 0.0984375 0.1453125
0 0.67734375 0.565625 0.1015625 0.1640625
0 0.66796875 0.45625 0.1078125 0.1046875
0 0.759375 0.50859375 0.0765625 0.13125
0 0.8265625 0.4734375 0.0484375 0.1484375
0 0.8890625 0.5359375 0.08125 0.175