0 0.9765625 0.46640625 0.046875 0.2015625
0 0.928125 0.365625 0.0640625 0.1046875
0 0.90390625 0.265625 0.0859375 0.096875
0 0.80546875 0.325 0.175 0.1296875
0 0.76015625 0.43515625 0.1078125 0.153125
0 0.8296875 0.47734375 0.13125 0.19375
0 0.6890625 0.3859375 0.1296875 0.15625
0 0.571875 0.24375 0.15 0.1515625
0 0.47421875 0.31171875 0.1625 0.1828125
0 0.2609375 0.33203125 0.0875 0.153125
0 0.3515625 0.428125 0.084375 0.1578125
0 0.4984375 0.43125 0.0640625 0.1140625
0 0.51953125 0.61328125 0.103125 0.153125
0 0.43046875 0.7296875 0.1546875 0.1828125
0 0.38046875 0.56640625 0.1453125 0.15625
0 0.165625 0.7 0.1625 0.23125
0 0.16328125 0.496875 0.2578125 0.165625