0 0.15859375 0.69921875 0.115625 0.2140625
0 0.3375 0.703125 0.096875 0.19375
0 0.3 0.51640625 0.075 0.1453125
0 0.4421875 0.82578125 0.09375 0.1890625
0 0.44609375 0.6296875 0.0578125 0.1390625
0 0.415625 0.703125 0.0359375 0.096875
0 0.5140625 0.5234375 0.0625 0.1296875
0 0.5765625 0.6109375 0.0546875 0.0921875
0 0.6671875 0.6296875 0.1 0.1796875
0 0.7171875 0.5609375 0.0453125 0.059375
0 0.71484375 0.5125 0.0734375 0.1625
0 0.77265625 0.5546875 0.065625 0.1234375
0 0.84921875 0.62421875 0.0828125 0.1359375
0 0.815625 0.51640625 0.04375 0.0765625
0 0.82578125 0.44140625 0.0625 0.1015625
0 0.73671875 0.43828125 0.0703125 0.1
0 0.746875 0.35 0.040625 0.0953125
0 0.8234375 0.2703125 0.0359375 0.0546875
0 0.90234375 0.29296875 0.0453125 0.0890625
0 0.96796875 0.30625 0.0640625 0.096875
0 0.9796875 0.25 0.040625 0.075
0 0.87109375 0.19765625 0.034375 0.06875
0 0.90703125 0.19140625 0.046875 0.0890625
0 0.975 0.159375 0.05 0.0875
0 0.8390625 0.128125 0.040625 0.059375
0 0.75 0.20234375 0.04375 0.0734375
0 0.68671875 0.25 0.025 0.059375
0 0.66171875 0.26640625 0.03125 0.05625
0 0.62578125 0.4140625 0.0484375 0.0984375
0 0.625 0.33828125 0.0328125 0.0875
0 0.6125 0.28046875 0.028125 0.0640625
0 0.4984375 0.32109375 0.0328125 0.090625
0 0.4578125 0.38125 0.028125 0.0828125
0 0.3828125 0.37578125 0.0359375 0.059375
0 0.4046875 0.309375 0.0390625 0.115625
0 0.43828125 0.25546875 0.0328125 0.078125
0 0.50625 0.2390625 0.040625 0.046875
0 0.49375 0.2046875 0.0265625 0.05
0 0.50390625 0.16953125 0.0359375 0.0546875
0 0.60625 0.22421875 0.0140625 0.034375
0 0.14921875 0.24921875 0.0265625 0.0609375
0 0.13828125 0.20859375 0.0359375 0.0546875