0 0.3921875 0.628125 0.2078125 0.2109375
0 0.1671875 0.453125 0.1140625 0.1140625
0 0.3015625 0.47890625 0.078125 0.1234375
0 0.375 0.5 0.053125 0.0609375
0 0.27265625 0.384375 0.0546875 0.0828125
0 0.35546875 0.35546875 0.0625 0.05625
0 0.38515625 0.403125 0.06875 0.0875
0 0.45078125 0.40859375 0.0765625 0.096875
0 0.51484375 0.45 0.0765625 0.1046875
0 0.62265625 0.45625 0.1046875 0.11875
0 0.73125 0.51015625 0.08125 0.1359375
0 0.784375 0.45546875 0.0625 0.1296875
0 0.66953125 0.36953125 0.0828125 0.0734375
0 0.61640625 0.3703125 0.065625 0.0703125
0 0.559375 0.34921875 0.0921875 0.1
0 0.49453125 0.31875 0.0671875 0.0796875
0 0.7234375 0.3203125 0.06875 0.078125
0 0.89453125 0.29765625 0.0828125 0.059375
0 0.85703125 0.2671875 0.0421875 0.06875
0 0.803125 0.26953125 0.0609375 0.0703125
0 0.81015625 0.31796875 0.0515625 0.05625
0 0.9203125 0.346875 0.0734375 0.078125
0 0.94453125 0.2984375 0.0640625 0.075