0 0.24765625 0.85390625 0.1515625 0.1546875
0 0.34609375 0.84765625 0.11875 0.09375
0 0.36015625 0.80234375 0.134375 0.1140625
0 0.38515625 0.746875 0.1515625 0.1453125
0 0.29921875 0.75234375 0.096875 0.0890625
0 0.23359375 0.7078125 0.1984375 0.1671875
0 0.35625 0.66328125 0.1546875 0.140625
0 0.153125 0.63515625 0.1453125 0.146875
0 0.07265625 0.70390625 0.071875 0.096875
0 0.24296875 0.61484375 0.08125 0.0828125
0 0.22734375 0.528125 0.128125 0.121875
0 0.11640625 0.49453125 0.146875 0.1296875
0 0.078125 0.36484375 0.15625 0.1140625
0 0.09140625 0.4265625 0.1046875 0.0859375
0 0.22734375 0.41484375 0.1546875 0.140625
0 0.184375 0.36640625 0.1234375 0.1046875
0 0.2484375 0.3125 0.13125 0.1140625
0 0.06796875 0.275 0.1125 0.11875
0 0.146875 0.2421875 0.078125 0.0890625
0 0.2453125 0.2125 0.1203125 0.1125
0 0.35859375 0.15390625 0.125 0.109375
0 0.3765625 0.28125 0.1375 0.1265625
0 0.3390625 0.3890625 0.0875 0.071875
0 0.36640625 0.47578125 0.121875 0.0984375
0 0.3890625 0.56875 0.0953125 0.078125
0 0.578125 0.70625 0.1578125 0.1390625
0 0.5625 0.64140625 0.115625 0.0953125
0 0.5125 0.56328125 0.190625 0.1796875
0 0.6609375 0.60234375 0.140625 0.1171875
0 0.71484375 0.69765625 0.0953125 0.06875
0 0.8390625 0.6671875 0.1671875 0.15625
0 0.8203125 0.58515625 0.1046875 0.1078125
0 0.865625 0.52421875 0.134375 0.121875
0 0.90625 0.47421875 0.1359375 0.10625
0 0.71484375 0.48515625 0.146875 0.1453125
0 0.65234375 0.35859375 0.159375 0.140625
0 0.51484375 0.41484375 0.140625 0.1171875
0 0.45703125 0.3546875 0.1109375 0.0859375
0 0.48515625 0.2875 0.125 0.0953125
0 0.51328125 0.2578125 0.0890625 0.1
0 0.47421875 0.11953125 0.1125 0.103125
0 0.60703125 0.21875 0.1171875 0.134375
0 0.69921875 0.23359375 0.103125 0.08125
0 0.70234375 0.18984375 0.1234375 0.1015625
0 0.70625 0.12421875 0.10625 0.0984375
0 0.6671875 0.08125 0.1421875 0.1375
0 0.846875 0.34140625 0.1359375 0.16875
0 0.9421875 0.31875 0.0875 0.1578125
0 0.88359375 0.1 0.0859375 0.125
0 0.7640625 0.3515625 0.084375 0.0953125