0 0.12890625 0.83671875 0.0765625 0.12734375
0 0.2921875 0.53359375 0.084375 0.1109375
0 0.3453125 0.51796875 0.0453125 0.11328125
0 0.2828125 0.36640625 0.1078125 0.10078125
0 0.3859375 0.46015625 0.09140625 0.1421875
0 0.4546875 0.4796875 0.0453125 0.13203125
0 0.490625 0.5109375 0.03359375 0.115625
0 0.53515625 0.396875 0.08203125 0.1109375
0 0.428125 0.3953125 0.1078125 0.0796875
0 0.38203125 0.33984375 0.0359375 0.0796875
0 0.4390625 0.2875 0.10078125 0.12734375
0 0.50703125 0.2609375 0.0359375 0.14453125