1 0.12421875 0.67890625 0.121875 0.23125
1 0.19609375 0.6953125 0.1109375 0.240625
1 0.2734375 0.73203125 0.09375 0.134375
1 0.30390625 0.6703125 0.1359375 0.203125
1 0.3921875 0.70390625 0.146875 0.1953125
1 0.5203125 0.68515625 0.1640625 0.25
1 0.58203125 0.69140625 0.103125 0.2546875
1 0.6421875 0.6921875 0.090625 0.234375
1 0.690625 0.7328125 0.090625 0.1609375
1 0.7296875 0.71875 0.090625 0.2125
1 0.8140625 0.70859375 0.1359375 0.2390625
1 0.89375 0.728125 0.125 0.228125
1 0.9671875 0.71953125 0.05625 0.209375
1 0.94921875 0.625 0.096875 0.10625