1 0.10234375 0.625 0.1515625 0.24375
1 0.171875 0.65078125 0.1421875 0.2515625
1 0.24375 0.6984375 0.1109375 0.1453125
1 0.28203125 0.64140625 0.1625 0.2171875
1 0.36484375 0.6875 0.171875 0.2109375
1 0.49453125 0.6859375 0.196875 0.26875
1 0.55390625 0.70078125 0.1359375 0.2640625
1 0.61328125 0.71015625 0.121875 0.2421875
1 0.65625 0.75703125 0.1109375 0.1703125
1 0.696875 0.74921875 0.11875 0.221875
1 0.78203125 0.75078125 0.165625 0.253125
1 0.85859375 0.78046875 0.1546875 0.240625
1 0.93203125 0.78203125 0.084375 0.2125
1 0.92734375 0.68671875 0.109375 0.1171875