1 0.13046875 0.6921875 0.1140625 0.22734375
1 0.203125 0.70546875 0.10234375 0.23671875
1 0.28203125 0.73984375 0.0890625 0.13203125
1 0.31015625 0.67734375 0.1296875 0.1984375
1 0.39921875 0.7078125 0.140625 0.18984375
1 0.5265625 0.684375 0.15625 0.2453125
1 0.58828125 0.68828125 0.09375 0.25234375
1 0.6484375 0.6875 0.0828125 0.23203125
1 0.6984375 0.72578125 0.08515625 0.15859375
1 0.7375 0.7109375 0.0828125 0.21015625
1 0.82109375 0.69765625 0.12734375 0.234375
1 0.9015625 0.7140625 0.11796875 0.2234375
1 0.97421875 0.703125 0.04921875 0.2078125
1 0.953125 0.609375 0.09375 0.10234375