0 0.90546875 0.70234375 0.1453125 0.1546875
0 0.8671875 0.49453125 0.134375 0.1375
0 0.77265625 0.36953125 0.0734375 0.10625
0 0.74375 0.578125 0.090625 0.1125
0 0.7 0.64140625 0.059375 0.071875
0 0.62109375 0.68671875 0.0765625 0.1484375
0 0.55703125 0.69921875 0.0640625 0.10625
0 0.49765625 0.74296875 0.0796875 0.1234375
0 0.184375 0.871875 0.0765625 0.1015625
0 0.15703125 0.81640625 0.0796875 0.0859375
0 0.24921875 0.6734375 0.1046875 0.1109375
0 0.0984375 0.671875 0.1015625 0.1046875
0 0.175 0.59765625 0.1234375 0.0953125
0 0.24140625 0.540625 0.1859375 0.190625
0 0.33359375 0.4734375 0.0828125 0.1140625
0 0.428125 0.453125 0.075 0.1015625
0 0.4765625 0.5234375 0.1265625 0.1296875
0 0.59375 0.4828125 0.0875 0.178125
0 0.4875 0.3328125 0.115625 0.1390625
0 0.53515625 0.27578125 0.134375 0.1078125
0 0.36328125 0.2109375 0.128125 0.14375
0 0.21875 0.3546875 0.10625 0.1125
0 0.15078125 0.196875 0.096875 0.1046875
0 0.24921875 0.0890625 0.0734375 0.0953125
0 0.30078125 0.08125 0.1046875 0.1171875
0 0.6046875 0.20546875 0.153125 0.1625
0 0.77421875 0.0578125 0.0953125 0.09375
0 0.69375 0.04453125 0.075 0.0890625
0 0.5640625 0.0390625 0.115625 0.078125