0 0.921875 0.66640625 0.1546875 0.1640625
0 0.86484375 0.4625 0.1421875 0.1453125
0 0.76015625 0.34609375 0.08125 0.109375
0 0.74921875 0.55625 0.0984375 0.1171875
0 0.71171875 0.6234375 0.0640625 0.075
0 0.63671875 0.675 0.0890625 0.1515625
0 0.57421875 0.69375 0.071875 0.109375
0 0.51875 0.7421875 0.0890625 0.1265625
0 0.21796875 0.89765625 0.084375 0.10625
0 0.1859375 0.8453125 0.084375 0.090625
0 0.26484375 0.69453125 0.1109375 0.1171875
0 0.11484375 0.70625 0.1078125 0.1109375
0 0.18515625 0.62578125 0.128125 0.103125
0 0.24609375 0.5625 0.196875 0.203125
0 0.33203125 0.48828125 0.0921875 0.11875
0 0.42421875 0.46015625 0.08125 0.1046875
0 0.47890625 0.52578125 0.134375 0.1375
0 0.5921875 0.475 0.1015625 0.18125
0 0.4734375 0.334375 0.125 0.146875
0 0.515625 0.2734375 0.140625 0.1171875
0 0.33828125 0.2234375 0.1375 0.1515625
0 0.20703125 0.3796875 0.1140625 0.11875
0 0.12578125 0.22890625 0.103125 0.1109375
0 0.2140625 0.1125 0.0796875 0.0984375
0 0.26484375 0.10078125 0.1125 0.1234375
0 0.578125 0.196875 0.1640625 0.1703125
0 0.734375 0.0421875 0.1 0.084375
0 0.6515625 0.0375 0.084375 0.075
0 0.5234375 0.0390625 0.121875 0.078125