0 0.1265625 0.75703125 0.12734375 0.1390625
0 0.1359375 0.5453125 0.11796875 0.12265625
0 0.21171875 0.40859375 0.06015625 0.0984375
0 0.26953125 0.6109375 0.0765625 0.103125
0 0.321875 0.66796875 0.05078125 0.06484375
0 0.40625 0.7015625 0.0578125 0.1421875
0 0.47109375 0.70546875 0.05078125 0.10078125
0 0.5359375 0.740625 0.06484375 0.115625
0 0.8640625 0.82421875 0.06484375 0.09375
0 0.88359375 0.765625 0.06953125 0.0765625
0 0.77265625 0.63671875 0.09140625 0.0984375
0 0.921875 0.6140625 0.0890625 0.09375
0 0.83515625 0.5515625 0.11328125 0.0796875
0 0.76171875 0.50390625 0.16328125 0.1703125
0 0.6609375 0.45078125 0.06953125 0.10546875
0 0.56484375 0.44375 0.0625 0.09375
0 0.5265625 0.5203125 0.1109375 0.115625
0 0.4046875 0.49609375 0.06484375 0.1703125
0 0.4890625 0.3328125 0.0984375 0.12734375
0 0.43359375 0.2828125 0.12265625 0.09140625
0 0.5953125 0.19453125 0.1109375 0.1296875
0 0.75859375 0.3171875 0.09375 0.10078125
0 0.80390625 0.1515625 0.084375 0.09375
0 0.69140625 0.0578125 0.0625 0.08671875
0 0.6390625 0.0578125 0.09140625 0.10546875
0 0.35546875 0.22265625 0.134375 0.14453125
0 0.1671875 0.1 0.084375 0.08203125
0 0.2421875 0.05859375 0.059375 0.1171875
0 0.3703125 0.0421875 0.10546875 0.084375