0 0.65859375 0.11875 0.0484375 0.0734375
0 0.23125 0.19921875 0.071875 0.1046875
0 0.9328125 0.6296875 0.0765625 0.0859375
0 0.896875 0.56875 0.0765625 0.0859375
0 0.88125 0.5203125 0.046875 0.040625
0 0.72109375 0.35390625 0.078125 0.0703125
0 0.68046875 0.3953125 0.046875 0.0375
0 0.6203125 0.35546875 0.0625 0.096875
0 0.62421875 0.45859375 0.065625 0.075
0 0.5390625 0.4328125 0.053125 0.053125
0 0.4421875 0.45234375 0.08125 0.05
0 0.58125 0.56015625 0.090625 0.0734375
0 0.5609375 0.64375 0.0625 0.0484375
0 0.47578125 0.5546875 0.0703125 0.065625
0 0.33046875 0.521875 0.0625 0.0578125
0 0.2625 0.49453125 0.065625 0.0734375
0 0.29765625 0.6109375 0.040625 0.046875
0 0.17890625 0.515625 0.0609375 0.065625
0 0.22109375 0.5859375 0.0828125 0.06875
0 0.15546875 0.5875 0.0703125 0.05625
0 0.12734375 0.62890625 0.090625 0.071875