0 0.6109375 0.10234375 0.0578125 0.078125
0 0.196875 0.234375 0.084375 0.1109375
0 0.94609375 0.57578125 0.084375 0.09375
0 0.90234375 0.51953125 0.084375 0.09375
0 0.88125 0.47421875 0.0515625 0.0453125
0 0.7015625 0.328125 0.084375 0.0796875
0 0.66640625 0.37421875 0.0515625 0.04375
0 0.6015625 0.34140625 0.0734375 0.103125
0 0.61875 0.44375 0.0734375 0.08125
0 0.53046875 0.42890625 0.059375 0.059375
0 0.43671875 0.459375 0.0859375 0.0578125
0 0.58828125 0.54921875 0.096875 0.0828125
0 0.578125 0.63515625 0.0671875 0.0546875
0 0.48203125 0.55703125 0.0765625 0.0734375
0 0.334375 0.54296875 0.06875 0.065625
0 0.2640625 0.5234375 0.0734375 0.0796875
0 0.3125 0.634375 0.0453125 0.0515625
0 0.18359375 0.55390625 0.0671875 0.071875
0 0.23359375 0.61875 0.0890625 0.078125
0 0.16875 0.62890625 0.075 0.0640625
0 0.14609375 0.6734375 0.096875 0.08125