0 0.321875 0.12734375 0.0453125 0.071875
0 0.75234375 0.1859375 0.0671875 0.10078125
0 0.07421875 0.65234375 0.071875 0.08203125
0 0.10703125 0.5890625 0.071875 0.08203125
0 0.1203125 0.540625 0.0453125 0.03828125
0 0.271875 0.365625 0.07421875 0.0671875
0 0.3140625 0.4046875 0.0453125 0.0359375
0 0.37265625 0.36171875 0.0578125 0.09375
0 0.3734375 0.46484375 0.0625 0.071875
0 0.4578125 0.43515625 0.05078125 0.05078125
0 0.55546875 0.44921875 0.0796875 0.0453125
0 0.421875 0.5640625 0.08671875 0.06953125
0 0.446875 0.646875 0.06015625 0.0453125
0 0.52734375 0.553125 0.0671875 0.0625
0 0.6703125 0.51328125 0.06015625 0.05546875
0 0.73671875 0.48203125 0.0625 0.06953125
0 0.7078125 0.6 0.03828125 0.0453125
0 0.82109375 0.4984375 0.0578125 0.0625
0 0.7828125 0.57109375 0.0796875 0.06484375
0 0.8484375 0.56953125 0.0671875 0.053125
0 0.87890625 0.609375 0.08671875 0.0671875