0 0.86171875 0.06796875 0.0640625 0.06875
0 0.83671875 0.059375 0.025 0.059375
0 0.8234375 0.0671875 0.0390625 0.075
0 0.84296875 0.11328125 0.0328125 0.0625
0 0.83046875 0.13984375 0.0421875 0.0875
0 0.82265625 0.215625 0.0453125 0.046875
0 0.80546875 0.1796875 0.028125 0.0625
0 0.78671875 0.1234375 0.04375 0.071875
0 0.765625 0.1828125 0.0421875 0.078125
0 0.79921875 0.3828125 0.04375 0.0890625
0 0.7734375 0.32421875 0.0375 0.0625
0 0.75234375 0.34453125 0.046875 0.0640625
0 0.74140625 0.384375 0.046875 0.06875
0 0.73828125 0.2859375 0.028125 0.0640625
0 0.7203125 0.25390625 0.0328125 0.0421875
0 0.703125 0.22421875 0.0515625 0.0609375
0 0.68828125 0.371875 0.03125 0.0328125
0 0.61875 0.32890625 0.04375 0.0953125
0 0.6890625 0.40078125 0.0375 0.053125
0 0.7171875 0.44453125 0.03125 0.065625
0 0.734375 0.58203125 0.0453125 0.059375
0 0.690625 0.42265625 0.040625 0.0484375
0 0.68515625 0.4484375 0.0375 0.0546875
0 0.66796875 0.45546875 0.0453125 0.071875
0 0.621875 0.421875 0.0453125 0.0609375
0 0.6453125 0.4734375 0.0390625 0.06875
0 0.57265625 0.4171875 0.0515625 0.0671875
0 0.5828125 0.51796875 0.0515625 0.06875
0 0.63203125 0.52421875 0.0296875 0.046875
0 0.65 0.5703125 0.040625 0.0484375
0 0.68203125 0.55546875 0.05625 0.08125
0 0.61328125 0.56875 0.05 0.0703125
0 0.58515625 0.60390625 0.05 0.05
0 0.6515625 0.68125 0.04375 0.0625
0 0.6734375 0.74375 0.0359375 0.09375
0 0.6328125 0.7109375 0.04375 0.046875
0 0.59609375 0.69296875 0.0359375 0.0453125
0 0.55546875 0.69140625 0.040625 0.053125
0 0.58515625 0.6671875 0.0328125 0.040625
0 0.62109375 0.6765625 0.0234375 0.0390625
0 0.57421875 0.728125 0.0375 0.028125
0 0.56484375 0.83515625 0.04375 0.0890625
0 0.54453125 0.625 0.0421875 0.065625
0 0.52421875 0.51953125 0.0546875 0.0734375
0 0.47265625 0.49140625 0.0515625 0.075
0 0.52734375 0.678125 0.0296875 0.05625
0 0.503125 0.66796875 0.028125 0.0453125
0 0.4734375 0.646875 0.0484375 0.0875
0 0.43984375 0.6609375 0.0390625 0.0421875
0 0.421875 0.6203125 0.0359375 0.04375
0 0.40078125 0.53125 0.0578125 0.0890625
0 0.39375 0.66796875 0.053125 0.090625
0 0.42578125 0.7390625 0.04375 0.071875
0 0.44453125 0.74921875 0.034375 0.0609375
0 0.3921875 0.715625 0.034375 0.0390625
0 0.34453125 0.62578125 0.040625 0.0484375
0 0.35234375 0.5828125 0.0484375 0.0546875
0 0.35625 0.70703125 0.046875 0.0578125
0 0.27734375 0.48671875 0.0453125 0.059375
0 0.23125 0.47734375 0.0453125 0.071875
0 0.18515625 0.3859375 0.03125 0.0421875
0 0.12265625 0.43515625 0.04375 0.096875
0 0.2609375 0.5921875 0.046875 0.0578125
0 0.29375 0.60859375 0.040625 0.0484375
0 0.2890625 0.74921875 0.0453125 0.078125
0 0.30859375 0.73046875 0.021875 0.03125
0 0.25546875 0.64296875 0.046875 0.065625
0 0.20390625 0.56875 0.05 0.0484375
0 0.22421875 0.64453125 0.034375 0.0390625
0 0.24453125 0.715625 0.0359375 0.059375
0 0.21015625 0.70625 0.053125 0.0859375
0 0.16796875 0.6734375 0.0421875 0.0546875
0 0.15390625 0.6234375 0.05625 0.08125
0 0.1609375 0.58203125 0.0328125 0.0765625
0 0.153125 0.50859375 0.0203125 0.05