0 0.14609375 0.06171875 0.0640625 0.0703125
0 0.17109375 0.05390625 0.025 0.059375
0 0.184375 0.06171875 0.040625 0.0765625
0 0.1640625 0.1078125 0.034375 0.0640625
0 0.17578125 0.134375 0.04375 0.0875
0 0.18203125 0.21015625 0.0453125 0.0484375
0 0.2 0.17421875 0.0296875 0.0625
0 0.2203125 0.11875 0.0453125 0.071875
0 0.23984375 0.178125 0.04375 0.078125
0 0.20234375 0.37734375 0.0453125 0.0890625
0 0.2296875 0.31953125 0.0375 0.0625
0 0.25078125 0.33984375 0.046875 0.0640625
0 0.2609375 0.38046875 0.0484375 0.06875
0 0.265625 0.28125 0.0296875 0.0640625
0 0.28359375 0.25078125 0.034375 0.0421875
0 0.3015625 0.2203125 0.053125 0.0609375
0 0.3140625 0.36875 0.03125 0.034375
0 0.384375 0.3265625 0.0453125 0.0953125
0 0.3125 0.39765625 0.0390625 0.053125
0 0.284375 0.440625 0.0328125 0.065625
0 0.2640625 0.57734375 0.046875 0.059375
0 0.3109375 0.41875 0.0421875 0.0484375
0 0.31640625 0.44453125 0.0390625 0.05625
0 0.3328125 0.45234375 0.046875 0.0734375
0 0.3796875 0.4203125 0.046875 0.0625
0 0.35546875 0.47109375 0.0390625 0.06875
0 0.42890625 0.41640625 0.0515625 0.0671875
0 0.41640625 0.51640625 0.053125 0.0703125
0 0.3671875 0.521875 0.0296875 0.046875
0 0.34921875 0.56796875 0.0421875 0.0484375
0 0.3171875 0.55234375 0.0578125 0.08125
0 0.38515625 0.56640625 0.0515625 0.071875
0 0.4125 0.60234375 0.0515625 0.0515625
0 0.3453125 0.67890625 0.0453125 0.0640625
0 0.32265625 0.74140625 0.0375 0.09375
0 0.3640625 0.70859375 0.04375 0.046875
0 0.4 0.69140625 0.0375 0.0453125
0 0.44140625 0.690625 0.040625 0.053125
0 0.41171875 0.665625 0.0328125 0.040625
0 0.37578125 0.67421875 0.025 0.0390625
0 0.421875 0.72734375 0.0375 0.028125
0 0.42890625 0.83359375 0.0453125 0.0890625
0 0.45390625 0.62421875 0.04375 0.065625
0 0.475 0.51953125 0.05625 0.075
0 0.52734375 0.4921875 0.0515625 0.0765625
0 0.46953125 0.678125 0.0296875 0.05625
0 0.49375 0.66796875 0.028125 0.0453125
0 0.5234375 0.646875 0.05 0.0875
0 0.55703125 0.6625 0.040625 0.0421875
0 0.5765625 0.621875 0.0359375 0.04375
0 0.5984375 0.5328125 0.059375 0.0890625
0 0.603125 0.66953125 0.0546875 0.090625
0 0.5703125 0.73984375 0.0453125 0.071875
0 0.5515625 0.75078125 0.0359375 0.0609375
0 0.60390625 0.71796875 0.0359375 0.0390625
0 0.653125 0.628125 0.0421875 0.0484375
0 0.64609375 0.58515625 0.05 0.05625
0 0.63984375 0.709375 0.0484375 0.0578125
0 0.7234375 0.490625 0.046875 0.059375
0 0.76875 0.48203125 0.046875 0.0734375
0 0.8171875 0.39140625 0.03125 0.0421875
0 0.878125 0.44140625 0.0453125 0.096875
0 0.7375 0.59609375 0.0484375 0.0578125
0 0.7046875 0.6125 0.0421875 0.0484375
0 0.70625 0.753125 0.0453125 0.0796875
0 0.6875 0.73359375 0.0234375 0.03125
0 0.7421875 0.646875 0.0484375 0.065625
0 0.7953125 0.57421875 0.05 0.0484375
0 0.7734375 0.64921875 0.0359375 0.0390625
0 0.75234375 0.71953125 0.0375 0.059375
0 0.7859375 0.7109375 0.0546875 0.0859375
0 0.82890625 0.6796875 0.0421875 0.0546875
0 0.84375 0.6296875 0.0578125 0.08125
0 0.8375 0.5875 0.034375 0.0765625
0 0.846875 0.51484375 0.021875 0.05