0 0.0625 0.1453125 0.053125 0.06015625
0 0.08515625 0.13203125 0.0140625 0.0578125
0 0.1 0.13671875 0.0265625 0.071875
0 0.08984375 0.1859375 0.021875 0.06015625
0 0.10703125 0.209375 0.0265625 0.084375
0 0.12890625 0.2828125 0.03828125 0.040625
0 0.1390625 0.24375 0.0171875 0.06015625
0 0.146875 0.18515625 0.03125 0.0671875
0 0.17890625 0.2390625 0.02890625 0.07421875
0 0.18359375 0.4421875 0.02890625 0.084375
0 0.1984375 0.3796875 0.0265625 0.0578125
0 0.22265625 0.3953125 0.0359375 0.0578125
0 0.24140625 0.4328125 0.0359375 0.0625
0 0.225 0.33515625 0.0171875 0.0625
0 0.23671875 0.30078125 0.0265625 0.03828125
0 0.24765625 0.26796875 0.04296875 0.053125
0 0.290625 0.41015625 0.0265625 0.02890625
0 0.35078125 0.3546875 0.0265625 0.09140625
0 0.2953125 0.4390625 0.02890625 0.0484375
0 0.2765625 0.48671875 0.01953125 0.0625
0 0.28515625 0.625 0.0359375 0.053125
0 0.2984375 0.46015625 0.03359375 0.04296875
0 0.30859375 0.484375 0.02890625 0.05078125
0 0.3265625 0.48828125 0.03359375 0.0671875
0 0.365625 0.446875 0.0359375 0.05546875
0 0.35234375 0.5015625 0.0265625 0.06484375
0 0.41328125 0.4328125 0.040625 0.06015625
0 0.421875 0.53359375 0.040625 0.0625
0 0.375 0.54921875 0.021875 0.04296875
0 0.36640625 0.59765625 0.03359375 0.04296875
0 0.33203125 0.5890625 0.04296875 0.07421875
0 0.4015625 0.5890625 0.03828125 0.06484375
0 0.4359375 0.61796875 0.04296875 0.04296875
0 0.3859375 0.70703125 0.03359375 0.0578125
0 0.3765625 0.77265625 0.01953125 0.09140625
0 0.41015625 0.73203125 0.0359375 0.040625
0 0.4421875 0.7078125 0.02890625 0.040625
0 0.48203125 0.6984375 0.03125 0.0484375
0 0.4484375 0.68046875 0.0265625 0.0359375
0 0.41484375 0.69609375 0.0171875 0.0359375
0 0.47109375 0.73828125 0.03359375 0.021875
0 0.5 0.84140625 0.02890625 0.084375
0 0.48046875 0.63125 0.03125 0.06015625
0 0.4796875 0.52421875 0.04296875 0.0671875
0 0.525 0.48671875 0.03828125 0.06953125
0 0.50703125 0.68046875 0.01953125 0.053125
0 0.52890625 0.665625 0.01953125 0.04296875
0 0.55390625 0.6390625 0.03359375 0.08203125
0 0.58984375 0.646875 0.03359375 0.0359375
0 0.6 0.603125 0.02890625 0.03828125
0 0.603125 0.51171875 0.04296875 0.08203125
0 0.6359375 0.64453125 0.03828125 0.084375
0 0.61875 0.7203125 0.03125 0.0671875
0 0.60234375 0.734375 0.02421875 0.0578125
0 0.646875 0.69140625 0.02890625 0.03359375
0 0.6765625 0.59375 0.03359375 0.04296875
0 0.6609375 0.553125 0.040625 0.0484375
0 0.68046875 0.67578125 0.03828125 0.05078125
0 0.71640625 0.44453125 0.0359375 0.053125
0 0.759375 0.4265625 0.03359375 0.0671875
0 0.7875 0.328125 0.02421875 0.03828125
0 0.8578125 0.3640625 0.0265625 0.09375
0 0.75234375 0.54453125 0.03828125 0.05078125
0 0.7234375 0.5671875 0.03359375 0.04296875
0 0.7546875 0.7046875 0.03125 0.07421875
0 0.73203125 0.68984375 0.0171875 0.02890625
0 0.7671875 0.59375 0.0359375 0.06015625
0 0.80390625 0.5109375 0.04296875 0.040625
0 0.7984375 0.5890625 0.02890625 0.03359375
0 0.7921875 0.6625 0.0265625 0.05546875
0 0.8234375 0.646875 0.03828125 0.0796875
0 0.859375 0.60703125 0.03359375 0.0484375
0 0.86328125 0.55546875 0.04296875 0.07421875
0 0.8484375 0.515625 0.01953125 0.07421875
0 0.8421875 0.4421875 0.01171875 0.0484375