0 0.02734375 0.23671875 0.03359375 0.084375
0 0.06953125 0.21875 0.0265625 0.09140625
0 0.07421875 0.803125 0.1109375 0.29296875
0 0.22265625 0.58046875 0.09375 0.18984375
0 0.27734375 0.81484375 0.06015625 0.27890625
0 0.01171875 0.17421875 0.01953125 0.07421875
0 0.02734375 0.1203125 0.03125 0.06953125
0 0.1046875 0.15859375 0.03359375 0.0484375
0 0.1671875 0.0828125 0.053125 0.0578125
0 0.40859375 0.89296875 0.10546875 0.2140625
0 0.36171875 0.78515625 0.040625 0.134375
0 0.4015625 0.69453125 0.07421875 0.18515625
0 0.41328125 0.80078125 0.06015625 0.1296875
0 0.45703125 0.90234375 0.06015625 0.09140625
0 0.3140625 0.38671875 0.02890625 0.09375
0 0.3328125 0.303125 0.03828125 0.103125
0 0.396875 0.37890625 0.040625 0.1109375
0 0.4671875 0.553125 0.0765625 0.18515625
0 0.5375 0.6421875 0.05546875 0.14921875
0 0.6734375 0.6921875 0.1515625 0.240625
0 0.88203125 0.66796875 0.11796875 0.2328125
0 0.7765625 0.5484375 0.0484375 0.10078125
0 0.6984375 0.5875 0.0671875 0.0984375
0 0.26171875 0.12890625 0.03359375 0.103125
0 0.2828125 0.03828125 0.0625 0.05078125
0 0.2953125 0.0953125 0.03125 0.0265625
0 0.2859375 0.165625 0.02421875 0.06953125
0 0.33515625 0.1734375 0.03125 0.0359375
0 0.303125 0.19921875 0.02421875 0.053125
0 0.3421875 0.0984375 0.03125 0.06484375
0 0.3765625 0.0875 0.0171875 0.04296875
0 0.36796875 0.2296875 0.03125 0.0984375
0 0.4375 0.28984375 0.040625 0.1078125
0 0.49765625 0.240625 0.02890625 0.06015625
0 0.4484375 0.2046875 0.0453125 0.05078125
0 0.43515625 0.16015625 0.03828125 0.05078125
0 0.4390625 0.1046875 0.06015625 0.0484375
0 0.4203125 0.040625 0.04296875 0.05546875
0 0.4828125 0.0515625 0.021875 0.0359375
0 0.49296875 0.12890625 0.03125 0.0578125
0 0.54453125 0.11328125 0.0265625 0.053125
0 0.5640625 0.1828125 0.02890625 0.07421875
0 0.57421875 0.25625 0.03828125 0.084375
0 0.5875 0.3234375 0.05078125 0.084375
0 0.5953125 0.41015625 0.06015625 0.11796875
0 0.7140625 0.5421875 0.0765625 0.09375
0 0.68984375 0.4734375 0.09375 0.08203125
0 0.725 0.4265625 0.0796875 0.10546875
0 0.7234375 0.31640625 0.0453125 0.0984375
0 0.8328125 0.4125 0.05546875 0.115625
0 0.82578125 0.51328125 0.053125 0.084375
0 0.634375 0.228125 0.05546875 0.06953125
0 0.609375 0.1671875 0.0359375 0.0625
0 0.60234375 0.1203125 0.0359375 0.05078125
0 0.58515625 0.08046875 0.03359375 0.0625
0 0.55625 0.0265625 0.02421875 0.04296875
0 0.6234375 0.08984375 0.02421875 0.0453125
0 0.65234375 0.07109375 0.03828125 0.0671875
0 0.68046875 0.17421875 0.01953125 0.0578125
0 0.72109375 0.13203125 0.040625 0.0796875
0 0.65234375 0.18515625 0.0265625 0.06484375
0 0.81875 0.0375 0.03828125 0.06015625
0 0.81953125 0.20703125 0.0359375 0.09375
0 0.86796875 0.18125 0.0359375 0.084375
0 0.8765625 0.12890625 0.03828125 0.07421875
0 0.91484375 0.2546875 0.0671875 0.125
0 0.9109375 0.0953125 0.053125 0.06484375
0 0.93984375 0.07109375 0.03828125 0.06015625
0 0.9796875 0.0515625 0.040625 0.071875
0 0.9796875 0.2453125 0.040625 0.10546875