0 0.04140625 0.2125 0.0375 0.0859375
0 0.08515625 0.196875 0.03125 0.0921875
0 0.0609375 0.78046875 0.121875 0.2984375
0 0.21875 0.565625 0.103125 0.19375
0 0.2609375 0.803125 0.075 0.28125
0 0.0296875 0.14921875 0.0234375 0.075
0 0.04765625 0.09609375 0.034375 0.0703125
0 0.1234375 0.13828125 0.0359375 0.05
0 0.18984375 0.065625 0.05625 0.0609375
0 0.38828125 0.8875 0.1171875 0.21875
0 0.346875 0.77734375 0.046875 0.1359375
0 0.39140625 0.6890625 0.084375 0.1890625
0 0.39765625 0.79609375 0.0671875 0.1328125
0 0.4359375 0.89921875 0.065625 0.09375
0 0.3203125 0.37734375 0.034375 0.0953125
0 0.34296875 0.29453125 0.04375 0.1046875
0 0.403125 0.3734375 0.046875 0.1125
0 0.4640625 0.5515625 0.0859375 0.1890625
0 0.5296875 0.64375 0.0625 0.1515625
0 0.66328125 0.70078125 0.1640625 0.2484375
0 0.87265625 0.6875 0.1296875 0.2390625
0 0.7734375 0.5625 0.053125 0.103125
0 0.69375 0.59765625 0.071875 0.1015625
0 0.28125 0.1171875 0.0390625 0.1046875
0 0.30703125 0.02734375 0.065625 0.0546875
0 0.31640625 0.08515625 0.0328125 0.028125
0 0.30390625 0.1546875 0.028125 0.0703125
0 0.35234375 0.165625 0.0328125 0.0375
0 0.31875 0.1890625 0.0265625 0.0546875
0 0.36328125 0.090625 0.034375 0.065625
0 0.3984375 0.08125 0.01875 0.04375
0 0.38203125 0.2234375 0.0359375 0.1
0 0.4484375 0.28671875 0.046875 0.109375
0 0.5109375 0.240625 0.03125 0.0609375
0 0.4640625 0.20234375 0.0484375 0.053125
0 0.453125 0.15703125 0.040625 0.053125
0 0.46015625 0.10234375 0.0625 0.0515625
0 0.44453125 0.03671875 0.0453125 0.0578125
0 0.50625 0.0515625 0.0234375 0.0375
0 0.5125 0.12890625 0.034375 0.059375
0 0.56484375 0.11640625 0.0296875 0.0546875
0 0.58046875 0.18671875 0.0328125 0.075
0 0.58671875 0.26015625 0.0421875 0.0859375
0 0.596875 0.328125 0.0546875 0.0875
0 0.6 0.415625 0.065625 0.1203125
0 0.71171875 0.553125 0.08125 0.096875
0 0.690625 0.48359375 0.0984375 0.0875
0 0.72890625 0.43828125 0.084375 0.109375
0 0.7328125 0.328125 0.05 0.1
0 0.83671875 0.4296875 0.0609375 0.11875
0 0.825 0.53046875 0.0578125 0.0875
0 0.6484375 0.23515625 0.059375 0.071875
0 0.6265625 0.1734375 0.0390625 0.0640625
0 0.621875 0.1265625 0.0390625 0.053125
0 0.60703125 0.08515625 0.0375 0.0640625
0 0.58125 0.03046875 0.0265625 0.04375
0 0.64453125 0.096875 0.0265625 0.046875
0 0.67421875 0.0796875 0.0421875 0.06875
0 0.69765625 0.184375 0.021875 0.059375
0 0.73984375 0.14375 0.0453125 0.08125
0 0.66875 0.19375 0.0296875 0.065625
0 0.8421875 0.0546875 0.040625 0.0625
0 0.834375 0.22421875 0.040625 0.0953125
0 0.884375 0.20078125 0.040625 0.0859375
0 0.8953125 0.14921875 0.0421875 0.0765625
0 0.92734375 0.2765625 0.0734375 0.128125
0 0.93125 0.1171875 0.05625 0.0671875
0 0.96171875 0.09453125 0.040625 0.0625
0 0.98984375 0.07734375 0.0203125 0.0734375
0 0.984375 0.27109375 0.03125 0.1078125