0 0.01875 0.33046875 0.0375 0.0953125
0 0.159375 0.8703125 0.178125 0.259375
0 0.25 0.6453125 0.1375 0.20625
0 0.36015625 0.8578125 0.1265625 0.284375
0 0.03359375 0.2640625 0.04375 0.0546875
0 0.07578125 0.17578125 0.065625 0.06875
0 0.50546875 0.89296875 0.1546875 0.2140625
0 0.43515625 0.81015625 0.071875 0.140625
0 0.4515625 0.7125 0.1171875 0.196875
0 0.48828125 0.8125 0.0890625 0.140625
0 0.55546875 0.90078125 0.08125 0.103125
0 0.2921875 0.43515625 0.05 0.0984375
0 0.28984375 0.34921875 0.0625 0.109375
0 0.3703125 0.4078125 0.065625 0.1171875
0 0.48125 0.559375 0.11875 0.1984375
0 0.57109375 0.62890625 0.090625 0.1578125
0 0.71484375 0.64453125 0.2046875 0.2703125
0 0.9109375 0.5703125 0.1703125 0.2546875
0 0.7796875 0.48046875 0.071875 0.109375
0 0.7140625 0.53671875 0.0890625 0.1125
0 0.17890625 0.19765625 0.0578125 0.1078125
0 0.17734375 0.1046875 0.0734375 0.0640625
0 0.203125 0.15703125 0.0375 0.0328125
0 0.21171875 0.22734375 0.040625 0.0734375
0 0.2609375 0.22265625 0.0390625 0.0421875
0 0.2359375 0.25546875 0.0359375 0.0578125
0 0.25 0.1484375 0.0453125 0.0703125
0 0.28046875 0.1296875 0.0265625 0.0453125
0 0.30625 0.26953125 0.0546875 0.103125
0 0.38828125 0.3109375 0.065625 0.1140625
0 0.43515625 0.24921875 0.0421875 0.065625
0 0.37890625 0.22578125 0.05625 0.0609375
0 0.3546875 0.1859375 0.05 0.0578125
0 0.3453125 0.13125 0.0703125 0.0609375
0 0.31171875 0.0734375 0.0546875 0.0640625
0 0.375 0.06875 0.0296875 0.040625
0 0.403125 0.14140625 0.04375 0.0640625
0 0.45 0.1140625 0.0390625 0.0578125
0 0.48515625 0.1765625 0.0453125 0.0796875
0 0.51328125 0.2453125 0.0578125 0.090625
0 0.5421875 0.3078125 0.0703125 0.09375
0 0.57109375 0.38984375 0.0875 0.1296875
0 0.71796875 0.4890625 0.096875 0.109375
0 0.678125 0.428125 0.1109375 0.1015625
0 0.70078125 0.37421875 0.103125 0.121875
0 0.67265625 0.26796875 0.0671875 0.10625
0 0.8015625 0.334375 0.08125 0.125
0 0.81953125 0.434375 0.071875 0.0953125
0 0.56484375 0.20390625 0.0703125 0.08125
0 0.52578125 0.15078125 0.05 0.06875
0 0.5078125 0.10703125 0.046875 0.0578125
0 0.48125 0.07265625 0.0484375 0.06875
0 0.43984375 0.02734375 0.034375 0.046875
0 0.5203125 0.071875 0.034375 0.05
0 0.54375 0.046875 0.053125 0.075
0 0.59609375 0.140625 0.0328125 0.0609375
0 0.62578125 0.08984375 0.059375 0.0875
0 0.571875 0.1578125 0.0421875 0.06875
0 0.7390625 0.13828125 0.0578125 0.1
0 0.7796875 0.1015625 0.0546875 0.090625
0 0.77578125 0.04921875 0.0546875 0.08125
0 0.84296875 0.16171875 0.0953125 0.1375
0 0.80078125 0.02265625 0.0671875 0.0453125
0 0.90390625 0.13671875 0.065625 0.1125