0 0.87421875 0.3921875 0.0890625 0.0859375
0 0.80078125 0.3125 0.109375 0.1109375
0 0.80234375 0.5765625 0.128125 0.125
0 0.721875 0.5703125 0.0796875 0.103125
0 0.76640625 0.5296875 0.0875 0.0796875
0 0.6515625 0.50625 0.109375 0.1203125
0 0.58046875 0.490625 0.075 0.0765625
0 0.58984375 0.55078125 0.065625 0.05
0 0.56015625 0.596875 0.1109375 0.0859375
0 0.5359375 0.5375 0.0640625 0.0609375
0 0.46875 0.5640625 0.0875 0.0765625
0 0.4171875 0.6078125 0.1265625 0.1
0 0.3984375 0.68203125 0.1046875 0.0921875
0 0.27109375 0.8265625 0.1125 0.096875
0 0.11328125 0.63203125 0.1125 0.0921875
0 0.3015625 0.62734375 0.1109375 0.1015625
0 0.34296875 0.52734375 0.121875 0.1109375
0 0.34765625 0.44765625 0.071875 0.06875
0 0.35703125 0.375 0.0578125 0.0625
0 0.42265625 0.3828125 0.1 0.090625
0 0.48046875 0.3390625 0.0609375 0.065625
0 0.303125 0.30859375 0.0765625 0.0765625
0 0.29765625 0.34765625 0.0703125 0.065625
0 0.2546875 0.39296875 0.1 0.0890625