0 0.88359375 0.5671875 0.0859375 0.0828125
0 0.85234375 0.46328125 0.1046875 0.10625
0 0.7375 0.7015625 0.1234375 0.11875
0 0.66875 0.66015625 0.0734375 0.1
0 0.7265625 0.64375 0.084375 0.075
0 0.63359375 0.571875 0.1046875 0.115625
0 0.5765625 0.5265625 0.0703125 0.0734375
0 0.55859375 0.584375 0.0640625 0.046875
0 0.51171875 0.61328125 0.1078125 0.0796875
0 0.515625 0.54921875 0.0609375 0.0578125
0 0.44375 0.54375 0.084375 0.0734375
0 0.378125 0.5609375 0.1234375 0.09375
0 0.32890625 0.61875 0.1015625 0.0875
0 0.1515625 0.69296875 0.1078125 0.090625
0 0.09453125 0.44921875 0.109375 0.0875
0 0.265625 0.52734375 0.1078125 0.096875
0 0.346875 0.45625 0.1171875 0.1046875
0 0.3859375 0.3859375 0.0703125 0.065625
0 0.4265625 0.325 0.0546875 0.0609375
0 0.48203125 0.36015625 0.096875 0.0859375
0 0.553125 0.34609375 0.0578125 0.0640625
0 0.40703125 0.24140625 0.0734375 0.0734375
0 0.384375 0.275 0.0671875 0.0625
0 0.3265625 0.29609375 0.0953125 0.084375