0 0.89296875 0.54609375 0.09375 0.09375
0 0.8359375 0.44453125 0.128125 0.140625
0 0.74609375 0.6859375 0.1109375 0.125
0 0.73359375 0.61953125 0.084375 0.078125
0 0.69140625 0.65859375 0.0734375 0.0765625
0 0.64296875 0.56484375 0.10625 0.11875
0 0.58984375 0.515625 0.0875 0.1078125
0 0.559375 0.5640625 0.05625 0.0515625
0 0.521875 0.6078125 0.0921875 0.0796875
0 0.51796875 0.553125 0.05 0.0703125
0 0.54375 0.36015625 0.046875 0.0921875
0 0.47265625 0.36875 0.08125 0.0921875
0 0.4140625 0.34140625 0.0484375 0.05625
0 0.3734375 0.3875 0.0921875 0.04375
0 0.35234375 0.45078125 0.1078125 0.0609375
0 0.45 0.54140625 0.090625 0.0671875
0 0.3859375 0.5625 0.1125 0.09375
0 0.33203125 0.62265625 0.1125 0.08125
0 0.271875 0.52578125 0.090625 0.065625
0 0.16875 0.70859375 0.0828125 0.0875
0 0.0953125 0.48046875 0.0875 0.0984375
0 0.2953125 0.33828125 0.1046875 0.10625
0 0.3171875 0.2921875 0.071875 0.0671875
0 0.35703125 0.29375 0.05625 0.0546875
0 0.38515625 0.25234375 0.0703125 0.05625