0 0.1125 0.42265625 0.0984375 0.0984375
0 0.19765625 0.34375 0.1359375 0.146875
0 0.20859375 0.60078125 0.11875 0.1296875
0 0.24140625 0.54140625 0.0890625 0.0828125
0 0.26875 0.5921875 0.0765625 0.08125
0 0.34375 0.5171875 0.1125 0.1234375
0 0.409375 0.4875 0.09375 0.1109375
0 0.42421875 0.5421875 0.0578125 0.0546875
0 0.4453125 0.59609375 0.0953125 0.084375
0 0.46640625 0.5453125 0.0546875 0.071875
0 0.5015625 0.353125 0.0515625 0.09375
0 0.56640625 0.3828125 0.0859375 0.096875
0 0.63046875 0.37578125 0.0515625 0.0578125
0 0.6546875 0.43203125 0.09375 0.05
0 0.65546875 0.4984375 0.1109375 0.0671875
0 0.53515625 0.5546875 0.09375 0.0734375
0 0.5890625 0.59453125 0.1171875 0.1
0 0.621875 0.66875 0.1171875 0.0890625
0 0.709375 0.59453125 0.09375 0.0703125
0 0.75 0.80078125 0.0875 0.0921875
0 0.890625 0.60625 0.0921875 0.1015625
0 0.74453125 0.409375 0.1109375 0.1125
0 0.73828125 0.359375 0.075 0.071875
0 0.7 0.34765625 0.059375 0.0578125
0 0.6859375 0.3 0.0734375 0.059375