0 0.1109375 0.49296875 0.07421875 0.06953125
0 0.1609375 0.396875 0.0890625 0.09140625
0 0.228125 0.65234375 0.10546875 0.10078125
0 0.30390625 0.625 0.0578125 0.09140625
0 0.25 0.59765625 0.07421875 0.0625
0 0.35546875 0.5453125 0.08671875 0.10078125
0 0.41953125 0.51171875 0.06015625 0.0625
0 0.4265625 0.571875 0.0578125 0.0359375
0 0.4671875 0.609375 0.0984375 0.0625
0 0.475 0.5453125 0.053125 0.0484375
0 0.546875 0.55390625 0.07421875 0.06015625
0 0.6078125 0.5828125 0.1109375 0.07421875
0 0.6453125 0.64921875 0.0890625 0.071875
0 0.80546875 0.75625 0.09609375 0.07421875
0 0.9078125 0.52734375 0.0984375 0.06953125
0 0.725 0.571875 0.09375 0.0796875
0 0.65859375 0.4859375 0.103125 0.08671875
0 0.63359375 0.41015625 0.06015625 0.05546875
0 0.60546875 0.3421875 0.0453125 0.053125
0 0.54453125 0.36640625 0.084375 0.071875
0 0.47734375 0.3390625 0.0484375 0.05546875
0 0.640625 0.2640625 0.0625 0.0625
0 0.65625 0.30078125 0.0578125 0.053125
0 0.709375 0.3328125 0.084375 0.06953125