0 0.1046875 0.49765625 0.084375 0.084375
0 0.1734375 0.40390625 0.11328125 0.12734375
0 0.2328125 0.6546875 0.0984375 0.11328125
0 0.25390625 0.58984375 0.0765625 0.06953125
0 0.290625 0.634375 0.06484375 0.06953125
0 0.35 0.546875 0.09375 0.1078125
0 0.40859375 0.5046875 0.0765625 0.0984375
0 0.43359375 0.55625 0.05078125 0.0453125
0 0.46484375 0.6046875 0.084375 0.06953125
0 0.47578125 0.55078125 0.04296875 0.06484375
0 0.4734375 0.35546875 0.0359375 0.0890625
0 0.54296875 0.37265625 0.071875 0.084375
0 0.6046875 0.353125 0.04296875 0.05078125
0 0.6390625 0.40390625 0.0890625 0.03359375
0 0.65234375 0.46875 0.103125 0.0484375
0 0.54453125 0.546875 0.084375 0.0578125
0 0.60546875 0.57578125 0.103125 0.08203125
0 0.6515625 0.6421875 0.10546875 0.06953125
0 0.7234375 0.553125 0.084375 0.05546875
0 0.803125 0.74765625 0.07421875 0.0796875
0 0.90390625 0.5296875 0.0765625 0.0890625
0 0.72265625 0.3640625 0.09375 0.09609375
0 0.70703125 0.31640625 0.06484375 0.06015625
0 0.6671875 0.3125 0.05078125 0.0484375
0 0.64453125 0.26796875 0.06484375 0.0484375