0 0.728125 0.5875 0.1203125 0.109375
0 0.62421875 0.65 0.1234375 0.121875
0 0.5875 0.54921875 0.1109375 0.0984375
0 0.5265625 0.6328125 0.0921875 0.06875
0 0.55703125 0.509375 0.0859375 0.0859375
0 0.44296875 0.51875 0.0953125 0.09375
0 0.509375 0.5359375 0.065625 0.078125
0 0.41328125 0.5671875 0.08125 0.1
0 0.3578125 0.475 0.0875 0.103125
0 0.3171875 0.5375 0.0640625 0.128125
0 0.2796875 0.48828125 0.0421875 0.08125
0 0.2359375 0.5078125 0.0453125 0.103125
0 0.1765625 0.48515625 0.0546875 0.0921875
0 0.19296875 0.56953125 0.0734375 0.1171875