0 0.27578125 0.59609375 0.1234375 0.1125
0 0.38125 0.65390625 0.128125 0.125
0 0.4140625 0.55234375 0.1125 0.103125
0 0.478125 0.63359375 0.09375 0.071875
0 0.44296875 0.5109375 0.0890625 0.0890625
0 0.5578125 0.5171875 0.0984375 0.096875
0 0.4921875 0.5359375 0.06875 0.0796875
0 0.5890625 0.5640625 0.084375 0.103125
0 0.640625 0.4703125 0.090625 0.1046875
0 0.68359375 0.53125 0.06875 0.1296875
0 0.71953125 0.48046875 0.0453125 0.0828125
0 0.7640625 0.49921875 0.05 0.1046875
0 0.82265625 0.47421875 0.0578125 0.09375
0 0.809375 0.55859375 0.0765625 0.11875