0 0.26796875 0.57578125 0.115625 0.103125
0 0.36796875 0.64296875 0.11796875 0.115625
0 0.41015625 0.54453125 0.10546875 0.09375
0 0.46640625 0.63125 0.0890625 0.06484375
0 0.4421875 0.50625 0.08203125 0.08203125
0 0.55625 0.521875 0.09140625 0.0890625
0 0.4890625 0.53515625 0.0625 0.07421875
0 0.5828125 0.571875 0.0765625 0.09609375
0 0.64296875 0.4828125 0.08203125 0.0984375
0 0.68046875 0.546875 0.0578125 0.125
0 0.7203125 0.5 0.03828125 0.0796875
0 0.76328125 0.521875 0.040625 0.10078125
0 0.8234375 0.50234375 0.05078125 0.0890625
0 0.803125 0.58515625 0.0671875 0.11328125