0 0.8640625 0.51171875 0.0453125 0.0609375
0 0.85546875 0.43984375 0.0625 0.0796875
0 0.73515625 0.43515625 0.0515625 0.084375
0 0.6765625 0.4359375 0.0484375 0.09375
0 0.590625 0.35703125 0.0515625 0.0875
0 0.69140625 0.50703125 0.0328125 0.059375
0 0.6609375 0.56953125 0.0390625 0.09375
0 0.6265625 0.6171875 0.065625 0.1125
0 0.578125 0.5734375 0.046875 0.0546875
0 0.56875 0.65078125 0.0421875 0.0859375
0 0.57265625 0.48359375 0.05 0.0796875
0 0.53359375 0.53984375 0.04375 0.1015625
0 0.44765625 0.53828125 0.0765625 0.0625
0 0.3984375 0.59765625 0.0640625 0.0796875
0 0.3953125 0.68046875 0.059375 0.075