0 0.1359375 0.52421875 0.046875 0.0625
0 0.1421875 0.45234375 0.0640625 0.08125
0 0.2625 0.44375 0.0546875 0.0859375
0 0.321875 0.4421875 0.0515625 0.09375
0 0.40390625 0.3609375 0.0546875 0.0875
0 0.30859375 0.51328125 0.0359375 0.059375
0 0.3421875 0.575 0.0421875 0.09375
0 0.37734375 0.621875 0.06875 0.1125
0 0.42421875 0.57578125 0.046875 0.0546875
0 0.43671875 0.653125 0.0453125 0.0859375
0 0.4265625 0.4859375 0.053125 0.08125
0 0.46796875 0.54140625 0.046875 0.1015625
0 0.553125 0.53671875 0.078125 0.0640625
0 0.6046875 0.59453125 0.0671875 0.08125
0 0.6109375 0.6765625 0.0609375 0.0765625