0 0.1390625 0.4484375 0.0359375 0.05546875
0 0.16015625 0.37890625 0.05078125 0.071875
0 0.2796875 0.3953125 0.03828125 0.0796875
0 0.3375 0.40625 0.03359375 0.0890625
0 0.43515625 0.34375 0.03828125 0.08203125
0 0.31015625 0.4734375 0.02421875 0.05546875
0 0.3296875 0.540625 0.02421875 0.09140625
0 0.3546875 0.59375 0.0484375 0.10546875
0 0.41015625 0.55859375 0.03828125 0.0484375
0 0.40625 0.63671875 0.02890625 0.08203125
0 0.43125 0.47109375 0.03828125 0.07421875
0 0.46015625 0.53359375 0.0265625 0.0984375
0 0.54453125 0.546875 0.06953125 0.05078125
0 0.5828125 0.6140625 0.053125 0.071875
0 0.571875 0.69609375 0.0484375 0.0671875