0 0.5578125 0.48671875 0.0265625 0.0484375
0 0.57421875 0.49140625 0.0140625 0.03125
0 0.5953125 0.478125 0.02890625 0.053125
0 0.63203125 0.46171875 0.021875 0.0359375
0 0.65234375 0.44453125 0.0484375 0.0484375
0 0.68125 0.421875 0.03828125 0.03828125
0 0.68359375 0.44609375 0.01171875 0.02890625
0 0.71015625 0.44375 0.03359375 0.040625
0 0.7359375 0.41015625 0.02890625 0.03828125
0 0.75703125 0.421875 0.04296875 0.05546875
0 0.80625 0.4375 0.01953125 0.03125
0 0.771875 0.3140625 0.03359375 0.05078125
0 0.48046875 0.38671875 0.02890625 0.04296875
0 0.609375 0.2046875 0.03125 0.03125
0 0.5484375 0.165625 0.01953125 0.021875
0 0.38359375 0.3125 0.021875 0.02421875
0 0.35546875 0.303125 0.0171875 0.02421875
0 0.34609375 0.3015625 0.021875 0.02890625
0 0.28984375 0.3078125 0.01953125 0.02890625
0 0.26171875 0.2921875 0.02890625 0.03359375
0 0.2296875 0.296875 0.0140625 0.0140625
0 0.23828125 0.296875 0.00703125 0.02890625
0 0.20546875 0.29296875 0.02421875 0.03359375
0 0.13671875 0.22109375 0.0265625 0.0359375