0 0.44140625 0.4890625 0.028125 0.05
0 0.42578125 0.49375 0.015625 0.03125
0 0.40390625 0.48125 0.03125 0.0546875
0 0.36640625 0.46640625 0.0234375 0.0359375
0 0.34609375 0.45 0.05 0.05
0 0.31640625 0.428125 0.0390625 0.0390625
0 0.31484375 0.45234375 0.0125 0.0296875
0 0.28828125 0.45078125 0.034375 0.0421875
0 0.2609375 0.41875 0.0296875 0.0390625
0 0.240625 0.43125 0.0453125 0.05625
0 0.19140625 0.4484375 0.0203125 0.03125
0 0.221875 0.3234375 0.0359375 0.0515625
0 0.515625 0.3859375 0.0296875 0.04375
0 0.38046875 0.20859375 0.0328125 0.0328125
0 0.43984375 0.1671875 0.0203125 0.021875
0 0.61015625 0.30859375 0.0234375 0.025
0 0.6375 0.2984375 0.01875 0.025
0 0.646875 0.29609375 0.0234375 0.0296875
0 0.703125 0.30078125 0.0203125 0.0296875
0 0.73125 0.284375 0.0296875 0.034375
0 0.76328125 0.2875 0.0140625 0.0140625
0 0.7546875 0.2875 0.0078125 0.0296875
0 0.7875 0.2828125 0.025 0.034375
0 0.853125 0.20859375 0.028125 0.0375