0 0.44453125 0.47890625 0.0328125 0.0515625
0 0.42734375 0.48125 0.01875 0.0328125
0 0.40859375 0.46484375 0.0359375 0.05625
0 0.37421875 0.44375 0.0265625 0.0390625
0 0.35703125 0.42421875 0.0546875 0.0546875
0 0.33125 0.39765625 0.04375 0.04375
0 0.32578125 0.42109375 0.015625 0.0296875
0 0.3 0.41484375 0.0390625 0.0453125
0 0.27890625 0.378125 0.034375 0.0421875
0 0.25625 0.38671875 0.05 0.0609375
0 0.20546875 0.3953125 0.0234375 0.034375
0 0.25703125 0.278125 0.040625 0.0546875
0 0.53515625 0.390625 0.034375 0.046875
0 0.4328125 0.1921875 0.0359375 0.0359375
0 0.4984375 0.1625 0.021875 0.025
0 0.64140625 0.33046875 0.025 0.0265625
0 0.6703125 0.325 0.0203125 0.0265625
0 0.6796875 0.325 0.025 0.03125
0 0.73515625 0.3390625 0.0234375 0.03125
0 0.76484375 0.32734375 0.0328125 0.0375
0 0.79609375 0.33671875 0.015625 0.015625
0 0.7875 0.33515625 0.0109375 0.0296875
0 0.8203125 0.3359375 0.028125 0.0359375
0 0.8984375 0.27421875 0.03125 0.0390625