0 0.11484375 0.171875 0.1515625 0.1671875
0 0.45703125 0.16875 0.096875 0.134375
0 0.08046875 0.58046875 0.125 0.1234375
0 0.07265625 0.72265625 0.06875 0.125
0 0.15 0.68046875 0.0671875 0.165625
0 0.2296875 0.69609375 0.10625 0.178125
0 0.3046875 0.8109375 0.0890625 0.2578125
0 0.4890625 0.75859375 0.08125 0.196875
0 0.621875 0.67578125 0.0984375 0.284375
0 0.69375 0.88828125 0.090625 0.2234375
0 0.87890625 0.6078125 0.1171875 0.228125
0 0.57890625 0.56796875 0.071875 0.215625
0 0.53828125 0.5703125 0.059375 0.13125
0 0.4984375 0.61875 0.0640625 0.075
0 0.4328125 0.60390625 0.1375 0.2140625
0 0.325 0.5828125 0.096875 0.096875
0 0.23984375 0.6015625 0.103125 0.146875
0 0.26875 0.484375 0.0828125 0.1046875
0 0.34921875 0.484375 0.1359375 0.1328125
0 0.46953125 0.4859375 0.096875 0.103125
0 0.5984375 0.14296875 0.109375 0.1046875
0 0.61953125 0.259375 0.1015625 0.146875
0 0.665625 0.20078125 0.090625 0.0765625
0 0.6890625 0.159375 0.0609375 0.06875
0 0.6984375 0.24921875 0.1078125 0.084375
0 0.74296875 0.31015625 0.134375 0.146875
0 0.728125 0.19296875 0.115625 0.0984375
0 0.79765625 0.1703125 0.0828125 0.0890625
0 0.83671875 0.2609375 0.1296875 0.1234375
0 0.88984375 0.20859375 0.078125 0.0828125
0 0.94453125 0.12734375 0.1109375 0.1015625
0 0.95234375 0.253125 0.0734375 0.0796875
0 0.9796875 0.17578125 0.040625 0.0796875
0 0.94453125 0.18515625 0.053125 0.0625