0 0.94140625 0.30703125 0.1171875 0.1828125
0 0.64375 0.19765625 0.1125 0.14375
0 0.87421875 0.70625 0.1375 0.1359375
0 0.8375 0.84375 0.0828125 0.1296875
0 0.77734375 0.7796875 0.0875 0.16875
0 0.696875 0.76953125 0.128125 0.1859375
0 0.5890625 0.85546875 0.121875 0.2609375
0 0.43046875 0.74921875 0.10625 0.2015625
0 0.3296875 0.6296875 0.134375 0.2890625
0 0.19375 0.8125 0.1203125 0.2359375
0 0.10625 0.48515625 0.1453125 0.2375
0 0.40390625 0.540625 0.1 0.21875
0 0.44140625 0.5546875 0.0765625 0.134375
0 0.46484375 0.6140625 0.071875 0.08125
0 0.53203125 0.61953125 0.1625 0.2265625
0 0.640625 0.6328125 0.10625 0.10625
0 0.715625 0.6765625 0.1203125 0.15625
0 0.725 0.55703125 0.09375 0.1125
0 0.6484375 0.53203125 0.15 0.146875
0 0.5328125 0.4953125 0.1078125 0.1140625
0 0.51640625 0.13046875 0.1203125 0.115625
0 0.46015625 0.234375 0.11875 0.15625
0 0.43515625 0.1640625 0.0984375 0.0875
0 0.42578125 0.11796875 0.06875 0.075
0 0.3890625 0.2 0.115625 0.096875
0 0.32734375 0.24453125 0.15 0.1609375
0 0.37734375 0.1375 0.125 0.1109375
0 0.31875 0.09375 0.09375 0.096875
0 0.253125 0.16875 0.1421875 0.1375
0 0.21875 0.10234375 0.0875 0.090625
0 0.18515625 0.03203125 0.1359375 0.0640625
0 0.14609375 0.12578125 0.0828125 0.0875
0 0.12734375 0.040625 0.0828125 0.08125
0 0.17421875 0.06328125 0.0609375 0.0671875