0 0.0875 0.20703125 0.1390625 0.15625
0 0.428125 0.1734375 0.08671875 0.12734375
0 0.0890625 0.61640625 0.115625 0.11328125
0 0.09375 0.759375 0.0578125 0.1203125
0 0.1671875 0.71015625 0.053125 0.1609375
0 0.24765625 0.71875 0.09140625 0.1703125
0 0.3328125 0.8265625 0.0671875 0.25234375
0 0.51171875 0.75859375 0.06484375 0.1921875
0 0.63671875 0.66484375 0.07421875 0.27890625
0 0.728125 0.8734375 0.071875 0.22578125
0 0.88671875 0.57421875 0.0984375 0.22109375
0 0.584375 0.5609375 0.053125 0.21171875
0 0.54453125 0.56640625 0.0484375 0.12734375
0 0.50859375 0.61875 0.0578125 0.06953125
0 0.4421875 0.609375 0.1203125 0.2046875
0 0.3328125 0.59765625 0.0890625 0.0890625
0 0.25 0.6234375 0.09140625 0.1390625
0 0.26796875 0.5046875 0.07421875 0.0984375
0 0.3484375 0.49765625 0.125 0.12265625
0 0.46875 0.48828125 0.0890625 0.09609375
0 0.5671875 0.1359375 0.10078125 0.09609375
0 0.5984375 0.25 0.0890625 0.1390625
0 0.6390625 0.1875 0.084375 0.06953125
0 0.65859375 0.14453125 0.05546875 0.06484375
0 0.67578125 0.2328125 0.10078125 0.0765625
0 0.72578125 0.28984375 0.12265625 0.13671875
0 0.70078125 0.17421875 0.1078125 0.0890625
0 0.76796875 0.1453125 0.0765625 0.08203125
0 0.81484375 0.2328125 0.1203125 0.11328125
0 0.86328125 0.17578125 0.071875 0.0765625
0 0.91796875 0.08984375 0.11796875 0.09140625
0 0.92890625 0.21484375 0.0671875 0.07421875
0 0.96640625 0.13359375 0.0671875 0.07421875
0 0.915625 0.14765625 0.0484375 0.0578125