0 0.0078125 0.43203125 0.015625 0.0609375
0 0.10390625 0.49375 0.028125 0.05625
0 0.14296875 0.50078125 0.0375 0.034375
0 0.10546875 0.65234375 0.05 0.059375
0 0.2234375 0.64609375 0.034375 0.034375
0 0.24296875 0.68515625 0.0421875 0.05
0 0.26953125 0.65703125 0.0234375 0.0359375
0 0.30078125 0.65625 0.059375 0.0671875
0 0.30078125 0.94453125 0.04375 0.046875
0 0.31796875 0.9140625 0.0296875 0.0390625
0 0.3296875 0.98046875 0.078125 0.0390625
0 0.38203125 0.93984375 0.0359375 0.078125
0 0.43203125 0.91328125 0.028125 0.0515625
0 0.53359375 0.95 0.028125 0.046875
0 0.60625 0.96328125 0.0375 0.04375
0 0.55859375 0.89609375 0.059375 0.0671875
0 0.4890625 0.8890625 0.0328125 0.0390625
0 0.4921875 0.84453125 0.059375 0.0375
0 0.475 0.8 0.0515625 0.0375
0 0.57890625 0.86640625 0.0234375 0.0359375
0 0.540625 0.82265625 0.025 0.0421875
0 0.5765625 0.82421875 0.0328125 0.05
0 0.60625 0.80234375 0.03125 0.06875
0 0.6390625 0.775 0.0375 0.0375
0 0.28984375 0.50703125 0.053125 0.0671875
0 0.3828125 0.61171875 0.046875 0.04375
0 0.6046875 0.63046875 0.046875 0.0609375
0 0.6921875 0.64140625 0.03125 0.06875
0 0.80390625 0.5890625 0.0390625 0.0375
0 0.76953125 0.5640625 0.03125 0.0515625
0 0.7625 0.54140625 0.028125 0.0421875
0 0.72265625 0.5546875 0.025 0.0390625
0 0.696875 0.575 0.03125 0.046875
0 0.67734375 0.57578125 0.0375 0.046875
0 0.65546875 0.55 0.0375 0.025
0 0.63671875 0.578125 0.028125 0.04375
0 0.67890625 0.4359375 0.0359375 0.0546875
0 0.6765625 0.38828125 0.0515625 0.0453125
0 0.76796875 0.43671875 0.040625 0.065625
0 0.73125 0.34921875 0.0328125 0.05625
0 0.7484375 0.2796875 0.028125 0.0375
0 0.8125 0.31484375 0.028125 0.05625
0 0.87421875 0.06640625 0.03125 0.0546875
0 0.91875 0.14765625 0.028125 0.0328125
0 0.9359375 0.19375 0.0421875 0.0375
0 0.78828125 0.11484375 0.0234375 0.0609375
0 0.77734375 0.0640625 0.0203125 0.034375
0 0.83515625 0.1046875 0.025 0.0375
0 0.74921875 0.60703125 0.053125 0.05
0 0.54140625 0.59609375 0.0234375 0.0390625
0 0.46328125 0.59375 0.015625 0.0578125
0 0.44453125 0.56640625 0.028125 0.0609375
0 0.4203125 0.575 0.0203125 0.04375
0 0.528125 0.53203125 0.0359375 0.0515625
0 0.5828125 0.4953125 0.0453125 0.05625
0 0.34765625 0.48515625 0.021875 0.0484375
0 0.35078125 0.42734375 0.0234375 0.04375
0 0.39765625 0.44375 0.0328125 0.0390625
0 0.4265625 0.4484375 0.025 0.0375
0 0.4109375 0.51640625 0.0203125 0.03125
0 0.42890625 0.50234375 0.01875 0.0515625
0 0.4609375 0.48125 0.0125 0.040625
0 0.47578125 0.525 0.0234375 0.0390625
0 0.47890625 0.540625 0.0234375 0.040625
0 0.4890625 0.44140625 0.0234375 0.034375
0 0.49921875 0.48828125 0.0359375 0.05625
0 0.4859375 0.478125 0.0203125 0.025
0 0.52578125 0.40390625 0.0234375 0.04375
0 0.54140625 0.41640625 0.0125 0.0296875
0 0.528125 0.4484375 0.0390625 0.0328125
0 0.55625 0.36640625 0.040625 0.0515625
0 0.465625 0.28828125 0.025 0.0703125
0 0.503125 0.25 0.015625 0.0515625
0 0.51875 0.246875 0.0234375 0.0625
0 0.57265625 0.2046875 0.0359375 0.078125
0 0.5640625 0.14296875 0.040625 0.0515625
0 0.5546875 0.09765625 0.0453125 0.0609375
0 0.55390625 0.0234375 0.0359375 0.046875
0 0.60625 0.06953125 0.0453125 0.0515625
0 0.61875 0.1109375 0.01875 0.0296875
0 0.6171875 0.140625 0.025 0.0421875
0 0.640625 0.17265625 0.0328125 0.0609375