0 0.03359375 0.3234375 0.028125 0.0625
0 0.115625 0.4046875 0.0359375 0.059375
0 0.1515625 0.4203125 0.0421875 0.0390625
0 0.08203125 0.559375 0.0578125 0.065625
0 0.19765625 0.58046875 0.0390625 0.0390625
0 0.2078125 0.62265625 0.0484375 0.0546875
0 0.23984375 0.6015625 0.028125 0.0390625
0 0.2703125 0.60703125 0.06875 0.075
0 0.20546875 0.88828125 0.0515625 0.053125
0 0.2296875 0.86328125 0.0359375 0.04375
0 0.2265625 0.93125 0.0828125 0.0515625
0 0.2859375 0.9015625 0.046875 0.08125
0 0.34140625 0.8875 0.0359375 0.0546875
0 0.43125 0.94609375 0.034375 0.05
0 0.49921875 0.975 0.04375 0.0484375
0 0.46796875 0.89921875 0.06875 0.075
0 0.40234375 0.8765625 0.0375 0.04375
0 0.415625 0.83359375 0.0640625 0.046875
0 0.40859375 0.78671875 0.05625 0.0453125
0 0.49453125 0.875 0.028125 0.0390625
0 0.4671875 0.82421875 0.03125 0.04375
0 0.5015625 0.8328125 0.040625 0.053125
0 0.53515625 0.81796875 0.040625 0.071875
0 0.57421875 0.79921875 0.0421875 0.0421875
0 0.29375 0.46015625 0.0625 0.0734375
0 0.3609375 0.5828125 0.053125 0.0515625
0 0.57265625 0.65078125 0.05625 0.0671875
0 0.65625 0.68046875 0.040625 0.071875
0 0.7765625 0.65546875 0.04375 0.0421875
0 0.7484375 0.6234375 0.0375 0.0546875
0 0.74609375 0.6 0.034375 0.0453125
0 0.7046875 0.603125 0.03125 0.0421875
0 0.67421875 0.6171875 0.0375 0.05
0 0.65546875 0.6140625 0.04375 0.0515625
0 0.640625 0.58359375 0.040625 0.03125
0 0.615625 0.60703125 0.034375 0.046875
0 0.6890625 0.478125 0.04375 0.0578125
0 0.69765625 0.43125 0.0578125 0.0515625
0 0.77578125 0.4984375 0.05 0.0703125
0 0.759375 0.4046875 0.040625 0.0609375
0 0.7921875 0.34140625 0.0328125 0.040625
0 0.84609375 0.38984375 0.0359375 0.059375
0 0.9625 0.16171875 0.0390625 0.0578125
0 0.98515625 0.25078125 0.0296875 0.0359375
0 0.984375 0.3 0.03125 0.04375
0 0.8671875 0.1890625 0.0328125 0.0625
0 0.86796875 0.1375 0.025 0.0359375
0 0.91484375 0.18984375 0.03125 0.040625
0 0.71875 0.66015625 0.059375 0.0578125
0 0.51875 0.603125 0.028125 0.0421875
0 0.44296875 0.5828125 0.025 0.059375
0 0.43125 0.5515625 0.0375 0.0640625
0 0.40546875 0.5546875 0.028125 0.0453125
0 0.5203125 0.5375 0.0421875 0.05625
0 0.58125 0.5140625 0.053125 0.0625
0 0.35546875 0.45078125 0.028125 0.0515625
0 0.37109375 0.3953125 0.0296875 0.046875
0 0.41328125 0.421875 0.0375 0.04375
0 0.43984375 0.43359375 0.03125 0.040625
0 0.409375 0.49609375 0.025 0.034375
0 0.43046875 0.48671875 0.0265625 0.053125
0 0.46640625 0.47265625 0.01875 0.0421875
0 0.47109375 0.51875 0.028125 0.0421875
0 0.4703125 0.53515625 0.0296875 0.04375
0 0.503125 0.440625 0.028125 0.0375
0 0.50234375 0.48828125 0.04375 0.0609375
0 0.49140625 0.475 0.0234375 0.028125
0 0.546875 0.41171875 0.0296875 0.046875
0 0.559375 0.428125 0.0171875 0.03125
0 0.5390625 0.45546875 0.04375 0.0375
0 0.58515625 0.3828125 0.046875 0.0578125
0 0.5140625 0.2859375 0.034375 0.071875
0 0.559375 0.25703125 0.0234375 0.053125
0 0.575 0.2578125 0.0328125 0.065625
0 0.6375 0.228125 0.046875 0.08125
0 0.64296875 0.16640625 0.046875 0.0578125
0 0.64375 0.1203125 0.053125 0.0671875
0 0.66015625 0.04765625 0.0421875 0.0546875
0 0.7 0.1046875 0.0515625 0.0578125
0 0.703125 0.14765625 0.021875 0.03125
0 0.6953125 0.1765625 0.03125 0.04375
0 0.71015625 0.21328125 0.0421875 0.065625