0 0.00859375 0.415625 0.0171875 0.06015625
0 0.1046875 0.4796875 0.0265625 0.05546875
0 0.14296875 0.48828125 0.0359375 0.03359375
0 0.10078125 0.63828125 0.0484375 0.0578125
0 0.21875 0.63671875 0.03359375 0.03359375
0 0.23671875 0.67578125 0.040625 0.0484375
0 0.2640625 0.64921875 0.021875 0.0359375
0 0.2953125 0.64921875 0.0578125 0.06484375
0 0.28515625 0.9375 0.04296875 0.0453125
0 0.30390625 0.9078125 0.02890625 0.03828125
0 0.3140625 0.97578125 0.0765625 0.03828125
0 0.36640625 0.93515625 0.03359375 0.0765625
0 0.41796875 0.9109375 0.0265625 0.05078125
0 0.51796875 0.95078125 0.0265625 0.0453125
0 0.58984375 0.96640625 0.0359375 0.04296875
0 0.54453125 0.89765625 0.0578125 0.06484375
0 0.47578125 0.88828125 0.03125 0.03828125
0 0.48046875 0.84375 0.0578125 0.0359375
0 0.46484375 0.79921875 0.05078125 0.0359375
0 0.56640625 0.86875 0.021875 0.0359375
0 0.5296875 0.82421875 0.02421875 0.040625
0 0.56484375 0.8265625 0.03125 0.0484375
0 0.5953125 0.80546875 0.02890625 0.0671875
0 0.6296875 0.7796875 0.0359375 0.0359375
0 0.28984375 0.5 0.05078125 0.06484375
0 0.37890625 0.6078125 0.0453125 0.04296875
0 0.6 0.634375 0.0453125 0.06015625
0 0.6875 0.64765625 0.02890625 0.0671875
0 0.80078125 0.6 0.03828125 0.0359375
0 0.7671875 0.5734375 0.02890625 0.05078125
0 0.7609375 0.55078125 0.0265625 0.040625
0 0.7203125 0.5625 0.02421875 0.03828125
0 0.69375 0.58203125 0.02890625 0.0453125
0 0.67421875 0.58203125 0.0359375 0.0453125
0 0.65390625 0.55546875 0.0359375 0.02421875
0 0.63359375 0.5828125 0.0265625 0.04296875
0 0.68125 0.4421875 0.03359375 0.053125
0 0.68046875 0.39453125 0.05078125 0.04296875
0 0.7703125 0.44609375 0.03828125 0.06484375
0 0.73671875 0.35703125 0.03125 0.05546875
0 0.75625 0.28828125 0.0265625 0.0359375
0 0.81875 0.32578125 0.0265625 0.05546875
0 0.8890625 0.0796875 0.02890625 0.053125
0 0.93046875 0.1625 0.0265625 0.03125
0 0.94609375 0.209375 0.040625 0.0359375
0 0.8015625 0.125 0.021875 0.06015625
0 0.7921875 0.07421875 0.01953125 0.03359375
0 0.8484375 0.11640625 0.02421875 0.0359375
0 0.7453125 0.615625 0.05078125 0.0484375
0 0.53828125 0.59765625 0.021875 0.03828125
0 0.46015625 0.5921875 0.0140625 0.0578125
0 0.4421875 0.5640625 0.0265625 0.06015625
0 0.41796875 0.571875 0.01953125 0.04296875
0 0.52734375 0.5328125 0.03359375 0.05078125
0 0.5828125 0.4984375 0.04296875 0.05546875
0 0.3484375 0.4796875 0.01953125 0.0484375
0 0.353125 0.421875 0.021875 0.04296875
0 0.4 0.43984375 0.03125 0.03828125
0 0.428125 0.44609375 0.02421875 0.0359375
0 0.41015625 0.51328125 0.01953125 0.03125
0 0.42890625 0.5 0.0171875 0.05078125
0 0.46171875 0.4796875 0.01171875 0.040625
0 0.475 0.52421875 0.021875 0.03828125
0 0.47734375 0.53984375 0.021875 0.040625
0 0.49140625 0.44140625 0.021875 0.03359375
0 0.5 0.48828125 0.03359375 0.05546875
0 0.48671875 0.47734375 0.01953125 0.02421875
0 0.52890625 0.4046875 0.021875 0.04296875
0 0.54453125 0.41796875 0.01171875 0.02890625
0 0.5296875 0.44921875 0.03828125 0.03125
0 0.5609375 0.36875 0.03828125 0.05078125
0 0.47265625 0.2875 0.021875 0.06953125
0 0.51171875 0.25 0.0140625 0.05078125
0 0.52734375 0.24765625 0.021875 0.0625
0 0.5828125 0.20703125 0.03359375 0.0765625
0 0.5765625 0.1453125 0.03828125 0.05078125
0 0.56875 0.1 0.04296875 0.06015625
0 0.57109375 0.025 0.03359375 0.0484375
0 0.62109375 0.0734375 0.04296875 0.05078125
0 0.63203125 0.115625 0.0171875 0.02890625
0 0.6296875 0.1453125 0.02421875 0.040625
0 0.6515625 0.178125 0.03125 0.06015625