0 0.80625 0.4125 0.1390625 0.1359375
0 0.7140625 0.453125 0.0625 0.0546875
0 0.64140625 0.46875 0.0625 0.0859375
0 0.5796875 0.43828125 0.0734375 0.09375
0 0.51796875 0.45 0.0671875 0.0734375
0 0.46796875 0.471875 0.0703125 0.08125
0 0.40859375 0.49296875 0.0703125 0.08125
0 0.30859375 0.53671875 0.08125 0.08125
0 0.740625 0.6609375 0.2609375 0.3125
0 0.5 0.3875 0.0203125 0.0296875
0 0.453125 0.403125 0.01875 0.0265625
0 0.43359375 0.4171875 0.01875 0.0109375
0 0.425 0.4125 0.0171875 0.028125
0 0.4125 0.415625 0.01875 0.0265625
0 0.39765625 0.42265625 0.0203125 0.03125