0 0.18359375 0.5390625 0.13125 0.128125
0 0.28515625 0.540625 0.059375 0.05
0 0.3578125 0.5265625 0.05625 0.0828125
0 0.40234375 0.47421875 0.0671875 0.0890625
0 0.4640625 0.4609375 0.0625 0.0703125
0 0.51875 0.46171875 0.065625 0.078125
0 0.58125 0.4578125 0.065625 0.078125
0 0.690625 0.45859375 0.0765625 0.0765625
0 0.34140625 0.7421875 0.2421875 0.3
0 0.45625 0.39609375 0.01875 0.028125
0 0.50546875 0.3921875 0.0171875 0.0265625
0 0.52890625 0.3984375 0.01875 0.009375
0 0.53515625 0.38984375 0.015625 0.028125
0 0.54765625 0.38828125 0.0171875 0.0265625
0 0.5640625 0.38828125 0.01875 0.03125