0 0.18125 0.4890625 0.115625 0.1109375
0 0.28125 0.50625 0.053125 0.04296875
0 0.35546875 0.50390625 0.0453125 0.0765625
0 0.4078125 0.459375 0.05546875 0.08203125
0 0.4703125 0.45546875 0.053125 0.0625
0 0.52421875 0.46484375 0.05546875 0.06953125
0 0.58671875 0.47109375 0.05546875 0.06953125
0 0.69453125 0.4890625 0.0671875 0.0671875
0 0.30546875 0.7140625 0.2015625 0.271875
0 0.47265625 0.390625 0.0140625 0.0265625
0 0.521875 0.39453125 0.0140625 0.02421875
0 0.54453125 0.40390625 0.0171875 0.00703125
0 0.5515625 0.396875 0.01171875 0.0265625
0 0.56484375 0.396875 0.0140625 0.02421875
0 0.58046875 0.4 0.0140625 0.02890625