1 0.08830080527376048 0.7981500891821914 0.12049296407824985 0.15214976234194463
1 0.15702939708522282 0.8138431870202922 0.09500371912974595 0.13005618615054487
1 0.2243850853752727 0.7868522582348906 0.11125250147636757 0.14472450086974728
1 0.2848088881047853 0.7884236660293654 0.0760580343842666 0.15296988355238636
1 0.36298586996700377 0.7936848824825208 0.1020120388744853 0.1372992393975499
1 0.39192729292565887 0.7736410567259947 0.09775568060907348 0.14139910866145147
1 0.4777608292012219 0.7828882162530368 0.12677353775193062 0.14376781558894994
1 0.5647624187675749 0.791110408464104 0.09541957402749368 0.1389847575791163
1 0.6486237214970875 0.7945950026230969 0.10678821576208186 0.14436008441936313
1 0.7518985457320456 0.8142283993802482 0.08789143566056953 0.12058099004639697
1 0.8740426205282811 0.8376427089086759 0.07195454448725869 0.11260910389862287
1 0.9354020967777261 0.8191248309888651 0.06577793453801485 0.12322319350876068
