1 0.13730523371687772 0.7678571428571429 0.11197564220644722 0.13839285714285715
1 0.2058532797368565 0.78125 0.08679848560838035 0.12053571428571429
1 0.27292031097928343 0.7522321428571429 0.10281322633931492 0.13169642857142858
1 0.3331881681221405 0.7522321428571429 0.06748868135596402 0.14285714285714285
1 0.41143009034142103 0.7555803571428571 0.09365081047218281 0.125
1 0.4397074400955022 0.734375 0.08934242105027097 0.12946428571428573
1 0.525878784534063 0.7410714285714286 0.12051447290408403 0.12723214285714285
1 0.6131272263281018 0.7466517857142857 0.08711027819312811 0.12946428571428573
1 0.6968715575440524 0.7477678571428571 0.09827099247884215 0.12946428571428573
1 0.8001347400690259 0.7645089285714286 0.07979026445220404 0.11160714285714286
1 0.922488059098994 0.7845982142857143 0.06608561472459915 0.10267857142857142
1 0.9766404954563439 0.765625 0.046719009087312253 0.11607142857142858
