1 0.11488595554500654 0.8341119254417847 0.1417093835363607 0.15854876971152873
1 0.18408238411643513 0.8329040972882698 0.11349324711279893 0.1357597947580942
1 0.24811259364288143 0.7905379939723635 0.1299765003955074 0.149425387290455
1 0.30797959042609085 0.7783447814263863 0.09915562703686172 0.15557634508287674
1 0.386891322601907 0.7647043187645837 0.1206188023255818 0.14257310992502426
1 0.41197380806043155 0.7386255728231857 0.11629755882508075 0.14472732838516628
1 0.4985549980224629 0.7270808853237741 0.14560150039550748 0.14969812267995813
1 0.586323780519958 0.7144006452965409 0.11406541596793802 0.1446883661866656
1 0.6698428406238445 0.6984501153805943 0.12536917246743684 0.14711532003631106
1 0.7738520468016645 0.6932901588646075 0.10384946461530374 0.124443231678378
1 0.8968344672651989 0.6877990236613665 0.08765229576016484 0.11524192486030316
1 0.9369265290433985 0.6536545234297153 0.04833197761430189 0.12793346243015158
